0                   0.681893            
0.1                 0.675371            
0.2                 0.670771            
0.3                 0.680027            
0.4                 0.706192            
0.5                 0.752751            
0.6                 0.810626            
0.7                 0.888105            
0.8                 0.97187             
0.904               1.07423             
1.004               1.1866              
1.104               1.29743             
1.204               1.42301             
1.304               1.54169             
1.404               1.67102             
1.504               1.789               
1.604               1.91321             
1.704               2.02312             
1.804               2.13581             
1.904               2.23228             
2.004               2.32702             
2.096               2.3975              
2.196               2.46809             
2.296               2.52028             
2.396               2.562               
2.496               2.58612             
2.596               2.59646             
2.696               2.59167             
2.796               2.57112             
2.896               2.53836             
2.996               2.4887              
3.096               2.43064             
3.196               2.35566             
3.296               2.27621             
3.396               2.18034             
3.496               2.08395             
3.596               1.97228             
3.696               1.86368             
3.8                 1.74121             
3.9                 1.61495             
4                   1.49622             
4.1                 1.3663              
4.2                 1.24651             
4.3                 1.11792             
4.4                 1.00132             
4.5                 0.878343            
4.6                 0.768797            
4.7                 0.655157            
4.8                 0.555373            
4.9                 0.453522            
5                   0.365831            
5.1                 0.27818             
5.2                 0.204104            
5.3                 0.131616            
5.4                 0.0718911           
5.5                 0.0147507           
5.6                 -0.0309322          
5.7                 -0.0731077          
5.8                 -0.105784           
5.9                 -0.134499           
6                   -0.155213           
6.104               -0.171543           
6.204               -0.181855           
6.304               -0.186424           
6.404               -0.186518           
6.504               -0.182358           
6.604               -0.173788           
6.704               -0.162832           
6.804               -0.148143           
6.904               -0.132725           
7.004               -0.114576           
7.104               -0.0965903          
7.204               -0.075912           
7.304               -0.0560722          
7.404               -0.0342789          
7.504               -0.0142729          
7.604               0.00704002          
7.704               0.0262153           
7.804               0.0463636           
7.904               0.0641026           
8.004               0.082171            
8.104               0.0975535           
8.204               0.112604            
8.304               0.125245            
8.408               0.137337            
8.508               0.147402            
8.608               0.154474            
8.708               0.16017             
8.808               0.163698            
8.908               0.165895            
9.008               0.166504            
9.108               0.165813            
9.204               0.164101            
9.304               0.161483            
9.404               0.157407            
9.504               0.152401            
9.604               0.145995            
9.704               0.139243            
9.804               0.131309            
9.904               0.123318            
10.004              0.114317            
10.104              0.105588            
10.204              0.0957713           
10.304              0.0865054           
10.404              0.0766659           
10.504              0.0677717           
10.608              0.0582294           
10.708              0.0490675           
10.808              0.0411253           
10.908              0.0335636           
11.008              0.0271442           
11.108              0.0204842           
11.208              0.0146728           
11.308              0.00865316          
11.408              0.00311279          
11.508              -0.00274873         
11.608              -0.00788927         
11.708              -0.0130405          
11.808              -0.0171828          
11.908              -0.0210242          
12.008              -0.0242839          
12.108              -0.0278814          
12.208              -0.0316603          
12.308              -0.0357268          
12.408              -0.0394442          
12.508              -0.043196           
12.608              -0.0461724          
12.708              -0.0492663          
12.812              -0.0521157          
12.912              -0.0550575          
13.012              -0.0578051          
13.112              -0.0598826          
13.212              -0.061651           
13.312              -0.062655           
13.412              -0.0633495          
13.512              -0.0634558          
13.612              -0.0628071          
13.712              -0.0616746          
13.812              -0.0598652          
13.912              -0.0577822          
14.012              -0.0545137          
14.112              -0.0506191          
14.212              -0.0458424          
14.312              -0.0410233          
14.412              -0.0355041          
14.508              -0.0300558          
14.608              -0.0240982          
14.708              -0.0169055          
14.808              -0.00985718         
14.908              -0.00184584         
15.012              0.0057621           
15.112              0.01407             
15.212              0.0224016           
15.312              0.0300245           
15.412              0.0381193           
15.512              0.0454919           
15.612              0.0533435           
15.712              0.0605135           
15.812              0.0677245           
15.912              0.0737436           
16.012              0.0796871           
16.112              0.084697            
16.212              0.0897093           
16.312              0.0935681           
16.412              0.097192            
16.512              0.100144            
16.612              0.102912            
16.712              0.105019            
16.812              0.106979            
16.912              0.108326            
17.012              0.109278            
17.112              0.109968            
17.212              0.110598            
17.316              0.111004            
17.416              0.111021            
17.516              0.110492            
17.616              0.109577            
17.716              0.108185            
17.816              0.106241            
17.916              0.103377            
18.016              0.100234            
18.116              0.0967374           
18.216              0.0936418           
18.316              0.0904164           
18.416              0.0873377           
18.516              0.0838072           
18.616              0.0803547           
18.716              0.0762775           
18.816              0.0720475           
18.916              0.0670002           
19.016              0.061739            
19.116              0.0557299           
19.216              0.0498564           
19.316              0.0433323           
19.42               0.0371997           
19.52               0.0303402           
19.62               0.0232933           
19.72               0.0163932           
19.82               0.00838709          
19.92               0.000625849         
20.02               -0.00801444         
20.12               -0.0160661          
20.22               -0.0248132          
20.32               -0.0328341          
20.42               -0.0414114          
20.52               -0.0492246          
20.62               -0.0573843          
20.72               -0.0644643          
20.82               -0.0717528          
20.92               -0.077904           
21.02               -0.0838439          
21.12               -0.0884535          
21.22               -0.0927022          
21.32               -0.0962858          
21.42               -0.0996215          
21.52               -0.102233           
21.624              -0.104522           
21.724              -0.106142           
21.812              -0.10686            
21.912              -0.106819           
22.012              -0.105715           
22.112              -0.10394            
22.212              -0.1012             
22.312              -0.0979407          
22.412              -0.0934734          
22.512              -0.0886223          
22.612              -0.0827727          
22.712              -0.0768194          
22.812              -0.0697708          
22.912              -0.0629203          
23.012              -0.0553682          
23.112              -0.048296           
23.212              -0.0406094          
23.312              -0.0334508          
23.412              -0.0254769          
23.512              -0.0179422          
23.612              -0.00977492         
23.712              -0.00199604         
23.812              0.00692081          
23.916              0.0161567           
24.016              0.0248945           
24.116              0.0343976           
24.216              0.043129            
24.316              0.0522308           
24.416              0.0603619           
24.516              0.069067            
24.616              0.0767207           
24.716              0.084625            
24.816              0.0915289           
24.916              0.0985944           
25.016              0.104686            
25.116              0.110663            
25.216              0.115686            
25.316              0.120927            
25.416              0.125429            
25.516              0.129627            
25.616              0.133045            
25.716              0.136329            
25.816              0.139019            
25.916              0.14133             
26.016              0.142917            
26.12               0.144303            
26.22               0.145403            
26.32               0.146212            
26.42               0.146933            
26.52               0.147228            
26.62               0.147206            
26.72               0.146881            
26.82               0.146241            
26.92               0.145082            
27.02               0.142754            
27.12               0.139451            
27.22               0.135044            
27.32               0.130562            
27.42               0.125361            
27.52               0.120372            
27.62               0.114641            
27.72               0.109131            
27.82               0.102934            
27.92               0.0969257           
28.02               0.0901752           
28.12               0.0837212           
28.224              0.0769002           
28.324              0.0701613           
28.424              0.0639255           
28.524              0.0569675           
28.624              0.0502009           
28.724              0.0426269           
28.824              0.0355599           
28.924              0.0279825           
29.02               0.0215108           
29.12               0.0151348           
29.22               0.00814605          
29.32               0.00191808          
29.42               -0.00469112         
29.52               -0.0108755          
29.62               -0.0174155          
29.72               -0.0229754          
29.82               -0.0286169          
29.92               -0.0338686          
30.02               -0.0396247          
30.12               -0.044832           
30.22               -0.0505161          
30.32               -0.0555518          
30.424              -0.0606756          
30.524              -0.0656857          
30.624              -0.0703158          
30.724              -0.0752718          
30.824              -0.0796139          
30.924              -0.0839753          
31.024              -0.0874007          
31.124              -0.0903037          
31.224              -0.0921526          
31.324              -0.0931027          
31.424              -0.0927956          
31.524              -0.0912654          
31.624              -0.0889449          
31.724              -0.0857358          
31.824              -0.0821869          
31.924              -0.0778048          
32.024              -0.0734715          
32.124              -0.0682573          
32.224              -0.0631592          
32.324              -0.0573549          
32.424              -0.0520356          
32.524              -0.0461776          
32.624              -0.040807           
32.728              -0.0347543          
32.828              -0.028199           
32.928              -0.0220745          
33.028              -0.0154953          
33.128              -0.00905919         
33.228              -0.00181651         
33.328              0.00484514          
33.428              0.0122488           
33.528              0.0191486           
33.628              0.0266249           
33.728              0.0334964           
33.828              0.0408816           
33.928              0.0475886           
34.028              0.0546675           
34.128              0.0608339           
34.228              0.0674143           
34.328              0.0732348           
34.428              0.0794399           
34.528              0.0847969           
34.628              0.0900714           
34.728              0.0946293           
34.828              0.0991139           
34.932              0.102815            
35.032              0.105888            
35.132              0.10867             
35.232              0.110745            
35.332              0.113003            
35.432              0.114794            
35.532              0.115929            
35.632              0.11635             
35.732              0.11615             
35.832              0.11507             
35.932              0.112768            
36.032              0.109504            
36.12               0.105613            
36.22               0.100127            
36.32               0.0944185           
36.42               0.087111            
36.52               0.0793927           
36.62               0.0703309           
36.72               0.0614719           
36.82               0.0513623           
36.92               0.0413377           
37.02               0.0297797           
37.12               0.0187173           
37.224              0.00674462          
37.324              -0.00502396         
37.424              -0.0155852          
37.524              -0.0268083          
37.624              -0.0367367          
37.724              -0.0468771          
37.824              -0.0555093          
37.924              -0.0642023          
38.024              -0.0715458          
38.124              -0.0788858          
38.224              -0.0851612          
38.324              -0.091295           
38.424              -0.096415           
38.524              -0.101436           
38.624              -0.105339           
38.724              -0.108561           
38.824              -0.110956           
38.924              -0.112598           
39.024              -0.113726           
39.124              -0.114409           
39.224              -0.114188           
39.324              -0.113137           
39.428              -0.110824           
39.528              -0.107754           
39.628              -0.103485           
39.728              -0.0990987          
39.828              -0.0934489          
39.928              -0.0873978          
40.028              -0.0802524          
40.128              -0.0730937          
40.228              -0.0651667          
40.328              -0.0574288          
40.428              -0.0483837          
40.528              -0.039804           
40.628              -0.0304329          
40.728              -0.0217676          
40.828              -0.0124514          
40.928              -0.00400472         
41.028              0.0047245           
41.128              0.0124843           
41.228              0.0205088           
41.328              0.0276589           
41.428              0.0349693           
41.528              0.0413589           
41.632              0.048089            
41.732              0.0547535           
41.832              0.0610397           
41.932              0.0680137           
42.032              0.0744777           
42.132              0.0814524           
42.232              0.0875921           
42.332              0.094044            
42.432              0.0994911           
42.532              0.104459            
42.632              0.108152            
42.732              0.111213            
42.832              0.113276            
42.932              0.114866            
43.032              0.116104            
43.132              0.116969            
43.228              0.117362            
43.328              0.117346            
43.428              0.116837            
43.528              0.115759            
43.628              0.113984            
43.728              0.111674            
43.828              0.108495            
43.932              0.104558            
44.032              0.100173            
44.132              0.0950511           
44.232              0.0900049           
44.332              0.0842829           
44.432              0.0787995           
44.532              0.0727375           
44.632              0.0668964           
44.732              0.0603817           
44.832              0.0544097           
44.932              0.0479159           
45.032              0.0417776           
45.132              0.0349667           
45.232              0.0284429           
45.332              0.0210645           
45.432              0.0140529           
45.532              0.00645614          
45.632              -0.000578165        
45.732              -0.0082314          
45.832              -0.0156159          
45.932              -0.0236273          
46.032              -0.0313146          
46.136              -0.0399621          
46.236              -0.0485284          
46.336              -0.056412           
46.436              -0.0647964          
46.536              -0.0721829          
46.636              -0.079798           
46.736              -0.0863955          
46.836              -0.0928504          
46.936              -0.0979319          
47.036              -0.102617           
47.136              -0.106342           
47.224              -0.109306           
47.324              -0.111853           
47.424              -0.113426           
47.524              -0.114429           
47.624              -0.114879           
47.724              -0.114744           
47.824              -0.114188           
47.924              -0.112712           
48.024              -0.110572           
48.124              -0.107693           
48.228              -0.104443           
48.328              -0.100226           
48.428              -0.0951753          
48.528              -0.0899613          
48.628              -0.0839384          
48.728              -0.0780518          
48.828              -0.0713699          
48.928              -0.0648291          
49.028              -0.0574481          
49.128              -0.0505636          
49.228              -0.0430281          
49.328              -0.0358071          
49.428              -0.0278008          
49.528              -0.0203447          
49.628              -0.0123658          
49.728              -0.00525641         
49.828              0.00222993          
49.928              0.00907636          
50.028              0.0164564           
50.128              0.0227656           
50.228              0.0290432           
50.328              0.034482            
50.432              0.0400026           
50.532              0.0454819           
50.632              0.0503299           
50.732              0.055593            
50.832              0.0605562           
50.932              0.0657566           
51.032              0.0701258           
51.132              0.0744014           
51.232              0.0778317           
51.332              0.0811515           
51.432              0.084105            
51.532              0.087497            
51.632              0.0905032           
51.732              0.0932393           
51.832              0.0950687           
51.932              0.0964513           
52.032              0.0972021           
52.132              0.0973289           
52.232              0.0967751           
52.332              0.0950754           
52.432              0.092206            
52.532              0.087863            
52.636              0.0830441           
52.736              0.0772574           
52.836              0.0709982           
52.936              0.064599            
53.036              0.0568786           
53.136              0.0493498           
53.236              0.0406935           
53.336              0.0320656           
53.436              0.0221641           
53.536              0.0127513           
53.636              0.00244522          
53.736              -0.00731349         
53.836              -0.018034           
53.936              -0.0279837          
54.036              -0.0386498          
54.136              -0.0481007          
54.236              -0.0580106          
54.336              -0.0671575          
54.436              -0.0767608          
54.536              -0.0851059          
54.632              -0.093122           
54.732              -0.101382           
54.836              -0.108133           
54.936              -0.114425           
55.036              -0.12009            
55.136              -0.124466           
55.236              -0.128153           
55.336              -0.130956           
55.436              -0.13351            
55.536              -0.135607           
55.636              -0.137647           
55.736              -0.139417           
55.836              -0.141062           
55.936              -0.142072           
56.036              -0.142443           
56.136              -0.142045           
56.236              -0.140928           
56.336              -0.139122           
56.436              -0.136052           
56.536              -0.132503           
56.636              -0.128081           
56.736              -0.123708           
56.836              -0.118812           
56.936              -0.114074           
57.036              -0.108296           
57.14               -0.102377           
57.24               -0.0972133          
57.34               -0.0916166          
57.44               -0.086467           
57.54               -0.080982           
57.64               -0.0760372          
57.74               -0.0710549          
57.84               -0.066617           
57.94               -0.0616899          
58.04               -0.0570655          
58.14               -0.0521562          
58.24               -0.0476329          
58.34               -0.0428169          
58.44               -0.0380585          
58.54               -0.0328467          
58.64               -0.0280936          
58.74               -0.0232272          
58.84               -0.0188758          
58.94               -0.0139728          
59.04               -0.00906897         
59.14               -0.00321007         
59.24               0.00238395          
59.34               0.00830412          
59.444              0.014008            
59.544              0.0192573           
59.644              0.024833            
59.744              0.0301168           
59.844              0.0360312           
59.944              0.0416503           
60.044              0.0473726           
60.144              0.0526965           
60.244              0.0580618           
60.344              0.0625501           
60.444              0.0674355           
60.544              0.0717051           
60.644              0.0759749           
60.744              0.0796833           
60.844              0.0834949           
60.944              0.0866213           
61.044              0.0895422           
61.144              0.0918908           
61.244              0.0942855           
61.344              0.096031            
61.444              0.0974162           
61.544              0.0980508           
61.644              0.0978482           
61.748              0.0969028           
61.848              0.0952837           
61.94               0.0931406           
62.04               0.0902066           
62.14               0.0858314           
62.24               0.0808113           
62.34               0.0745807           
62.44               0.0685716           
62.54               0.0617046           
62.64               0.0549629           
62.74               0.047282            
62.84               0.039782            
62.94               0.0314045           
63.04               0.0233746           
63.14               0.0143027           
63.24               0.00607777          
63.34               -0.00228858         
63.44               -0.0097208          
63.54               -0.0175357          
63.64               -0.0245473          
63.74               -0.0322402          
63.84               -0.0390909          
63.944              -0.0460646          
64.044              -0.0526848          
64.144              -0.058383           
64.244              -0.06411            
64.344              -0.0687051          
64.444              -0.0734017          
64.544              -0.077563           
64.644              -0.0817664          
64.744              -0.0854299          
64.844              -0.0891356          
64.944              -0.0923159          
65.044              -0.0956757          
65.144              -0.0983977          
65.244              -0.10077            
65.344              -0.102274           
65.444              -0.103047           
65.544              -0.10275            
65.644              -0.101208           
65.744              -0.098732           
65.844              -0.0951788          
65.944              -0.0914135          
66.044              -0.0867431          
66.148              -0.0817811          
66.248              -0.075485           
66.348              -0.0683954          
66.448              -0.0610375          
66.548              -0.0519247          
66.648              -0.0429695          
66.748              -0.0329056          
66.848              -0.0232165          
66.948              -0.01211            
67.048              -0.00139236         
67.148              0.0105095           
67.248              0.0218654           
67.348              0.0342467           
67.448              0.0455909           
67.548              0.0576689           
67.648              0.0685771           
67.748              0.0799379           
67.848              0.0900548           
67.948              0.100716            
68.048              0.109987            
68.148              0.119241            
68.248              0.126965            
68.352              0.13417             
68.452              0.140068            
68.552              0.144639            
68.652              0.148714            
68.752              0.151716            
68.852              0.154138            
68.952              0.155168            
69.052              0.155249            
69.152              0.154545            
69.252              0.152793            
69.352              0.150285            
69.452              0.146568            
69.552              0.142591            
69.644              0.138378            
69.744              0.134085            
69.844              0.12908             
69.944              0.123966            
70.044              0.117878            
70.144              0.111568            
70.244              0.104291            
70.344              0.0975962           
70.444              0.0900903           
70.548              0.0817692           
70.648              0.0736182           
70.748              0.0645339           
70.848              0.0560586           
70.948              0.0467587           
71.048              0.0380011           
71.148              0.0283332           
71.248              0.0191324           
71.348              0.00907493          
71.448              9.89437e-05         
71.548              -0.0094173          
71.648              -0.0179784          
71.748              -0.0270827          
71.848              -0.0353782          
71.948              -0.0437164          
72.048              -0.051075           
72.148              -0.0582268          
72.248              -0.0644109          
72.348              -0.0709922          
72.448              -0.077002           
72.548              -0.0835772          
72.648              -0.0895832          
72.748              -0.0959876          
72.852              -0.102248           
72.952              -0.107695           
73.052              -0.113046           
73.152              -0.117843           
73.252              -0.123165           
73.352              -0.128076           
73.452              -0.132998           
73.552              -0.137206           
73.652              -0.14143            
73.752              -0.144967           
73.852              -0.148437           
73.952              -0.151438           
74.052              -0.154439           
74.152              -0.156836           
74.252              -0.158871           
74.352              -0.160272           
74.452              -0.161155           
74.552              -0.161373           
74.652              -0.16073            
74.752              -0.159415           
74.852              -0.157039           
74.952              -0.154038           
75.056              -0.149497           
75.156              -0.143763           
75.256              -0.13774            
75.356              -0.130048           
75.456              -0.121875           
75.556              -0.111923           
75.656              -0.101961           
75.756              -0.0906277          
75.856              -0.0795834          
75.956              -0.0666175          
76.056              -0.0540709          
76.156              -0.0400906          
76.256              -0.0268509          
76.356              -0.0120358          
76.456              0.00203228          
76.556              0.017565            
76.656              0.0320983           
76.756              0.0480282           
76.856              0.062815            
76.956              0.0786192           
77.056              0.0924072           
77.156              0.106808            
77.256              0.11973             
77.36               0.132897            
77.46               0.145162            
77.56               0.155706            
77.66               0.1659              
77.76               0.174118            
77.86               0.181738            
77.96               0.187748            
78.06               0.193122            
78.16               0.196946            
78.26               0.199661            
78.36               0.201046            
78.46               0.201337            
78.56               0.200404            
78.656              0.198442            
78.756              0.195194            
78.856              0.191328            
78.956              0.185962            
79.056              0.180059            
79.156              0.17297             
79.256              0.165738            
79.356              0.157393            
79.456              0.14879             
79.556              0.138422            
79.656              0.128367            
79.76               0.117278            
79.86               0.106017            
79.96               0.0955453           
80.06               0.0843143           
80.16               0.0738688           
80.26               0.063117            
80.36               0.0532691           
80.46               0.0425305           
80.56               0.0326214           
80.66               0.0218132           
80.76               0.0117331           
80.86               0.000866175         
80.96               -0.00898671         
81.06               -0.0193167          
81.16               -0.0286663          
81.26               -0.0388248          
81.36               -0.0479646          
81.46               -0.0571606          
81.56               -0.065043           
81.66               -0.0731683          
81.76               -0.0802639          
81.86               -0.0875444          
81.964              -0.0941753          
82.064              -0.0996118          
82.164              -0.10469            
82.264              -0.109002           
82.364              -0.113405           
82.464              -0.11677            
82.564              -0.119534           
82.664              -0.121028           
82.764              -0.121708           
82.864              -0.121203           
82.964              -0.119211           
83.064              -0.116354           
83.164              -0.112426           
83.264              -0.108062           
83.364              -0.102472           
83.464              -0.0964804          
83.564              -0.0894916          
83.664              -0.0823369          
83.764              -0.073992           
83.864              -0.0658579          
83.964              -0.0567346          
84.064              -0.0479884          
84.168              -0.0380087          
84.268              -0.0277848          
84.368              -0.0183737          
84.468              -0.00819635         
84.568              0.00123405          
84.668              0.0113578           
84.768              0.0206349           
84.868              0.0306556           
84.968              0.0402138           
85.068              0.050386            
85.168              0.0595655           
85.268              0.0690598           
85.368              0.0773966           
85.468              0.0854216           
85.568              0.0920277           
85.668              0.0987289           
85.768              0.104402            
85.868              0.109999            
85.968              0.114704            
86.068              0.119228            
86.168              0.122947            
86.268              0.126585            
86.368              0.12969             
86.472              0.132501            
86.572              0.134785            
86.672              0.136596            
86.772              0.138312            
86.872              0.139354            
86.972              0.140125            
87.072              0.140952            
87.172              0.141482            
87.272              0.141491            
87.372              0.140934            
87.472              0.140037            
87.572              0.138923            
87.672              0.13769             
87.772              0.135847            
87.872              0.133491            
87.96               0.130416            
88.06               0.12604             
88.16               0.121579            
88.26               0.115999            
88.36               0.110127            
88.46               0.102421            
88.56               0.0940461           
88.66               0.0838096           
88.764              0.0723825           
88.864              0.0609162           
88.964              0.0476055           
89.064              0.0349352           
89.164              0.02052             
89.264              0.00701714          
89.364              -0.00758219         
89.464              -0.0209219          
89.564              -0.0352821          
89.664              -0.0486388          
89.764              -0.0630553          
89.864              -0.0763907          
89.964              -0.0906041          
90.064              -0.103158           
90.164              -0.116231           
90.264              -0.127635           
90.364              -0.139218           
90.464              -0.149292           
90.564              -0.159673           
90.664              -0.168415           
90.764              -0.176744           
90.864              -0.183162           
90.964              -0.188453           
91.068              -0.192056           
91.168              -0.193912           
91.268              -0.19468            
91.368              -0.194417           
91.468              -0.192882           
91.568              -0.190319           
91.668              -0.186307           
91.768              -0.181095           
91.868              -0.173889           
91.968              -0.165739           
92.068              -0.155557           
92.168              -0.145459           
92.268              -0.133924           
92.368              -0.122397           
92.468              -0.108875           
92.568              -0.0958812          
92.668              -0.0816488          
92.768              -0.0686164          
92.868              -0.0546587          
92.968              -0.0417447          
93.068              -0.0279894          
93.168              -0.0154402          
93.272              -0.00200701         
93.372              0.0108869           
93.472              0.0224123           
93.572              0.0347459           
93.672              0.0458717           
93.772              0.0572202           
93.872              0.0669093           
93.972              0.0764651           
94.072              0.0844724           
94.172              0.0921774           
94.272              0.0983901           
94.372              0.104331            
94.472              0.109056            
94.572              0.11322             
94.672              0.116094            
94.772              0.118202            
94.872              0.11921             
94.972              0.119124            
95.072              0.118255            
95.172              0.116687            
95.272              0.114388            
95.372              0.110913            
95.472              0.107105            
95.576              0.102715            
95.676              0.0978653           
95.776              0.0929399           
95.876              0.0872312           
95.976              0.0816762           
96.076              0.0753899           
96.176              0.0696549           
96.276              0.0630195           
96.376              0.0563593           
96.476              0.0487373           
96.576              0.0414016           
96.676              0.0335636           
96.776              0.026669            
96.876              0.0191915           
96.976              0.012172            
97.076              0.00459409          
97.176              -0.00248504         
97.276              -0.0103323          
97.376              -0.0179138          
97.476              -0.0264697          
97.576              -0.0346467          
97.672              -0.0425584          
97.772              -0.0508063          
97.872              -0.0581696          
97.972              -0.0656421          
98.072              -0.0722334          
98.172              -0.0793643          
98.272              -0.0860865          
98.372              -0.0933146          
98.472              -0.100158           
98.572              -0.107497           
98.672              -0.113873           
98.772              -0.120281           
98.872              -0.125823           
98.972              -0.131566           
99.072              -0.136605           
99.172              -0.141526           
99.272              -0.14565            
99.372              -0.149598           
99.472              -0.152812           
99.572              -0.155833           
99.672              -0.157954           
99.772              -0.15947            
99.872              -0.160063           
99.976              -0.159629           
100.076             -0.15794            
100.176             -0.155549           
100.276             -0.152054           
100.376             -0.148023           
100.476             -0.142727           
100.576             -0.137057           
100.676             -0.130085           
100.776             -0.123029           
100.876             -0.114586           
100.976             -0.10595            
101.076             -0.0958152          
101.176             -0.0856507          
101.276             -0.0737648          
101.376             -0.0620711          
101.476             -0.0491211          
101.576             -0.0371046          
101.676             -0.0245125          
101.776             -0.0131619          
101.876             -0.000752211        
101.976             0.011025            
102.076             0.0238767           
