0                   -1.98037            
0.1                 -1.9583             
0.2                 -1.8575             
0.3                 -1.68371            
0.4                 -1.51134            
0.5                 -1.3379             
0.6                 -1.19792            
0.7                 -1.06026            
0.8                 -0.946903           
0.904               -0.832599           
1.004               -0.73049            
1.104               -0.644915           
1.204               -0.557485           
1.304               -0.484111           
1.404               -0.409161           
1.504               -0.345913           
1.604               -0.279351           
1.704               -0.222792           
1.804               -0.166749           
1.904               -0.117256           
2.004               -0.069808           
2.096               -0.0346264          
2.196               0.00380301          
2.296               0.0317175           
2.396               0.0574765           
2.496               0.0741687           
2.596               0.0909092           
2.696               0.099282            
2.796               0.102221            
2.896               0.101151            
2.996               0.0969276           
3.096               0.0874345           
3.196               0.0769758           
3.296               0.0694354           
3.396               0.0605488           
3.496               0.0542917           
3.596               0.0459964           
3.696               0.0400579           
3.8                 0.0348697           
3.9                 0.0334933           
4                   0.0320692           
4.1                 0.0307324           
4.2                 0.0296957           
4.3                 0.0290596           
4.4                 0.0271506           
4.5                 0.027369            
4.6                 0.0284097           
4.7                 0.0283599           
4.8                 0.0292599           
4.9                 0.033112            
5                   0.0376089           
5.1                 0.0400915           
5.2                 0.0431802           
5.3                 0.0442779           
5.4                 0.0435412           
5.5                 0.0446343           
5.6                 0.0476458           
5.7                 0.0489953           
5.8                 0.050864            
5.9                 0.0518291           
6                   0.0537009           
6.104               0.0561273           
6.204               0.0594091           
6.304               0.0626535           
6.404               0.0655041           
6.504               0.0670352           
6.604               0.0690701           
6.704               0.0708504           
6.804               0.0755045           
6.904               0.0804117           
7.004               0.0855627           
7.104               0.0889149           
7.204               0.0913696           
7.304               0.0928707           
7.404               0.0935907           
7.504               0.0941911           
7.604               0.0977159           
7.704               0.0993676           
7.804               0.0994191           
7.904               0.101775            
8.004               0.104678            
8.104               0.107173            
8.204               0.108494            
8.304               0.112228            
8.408               0.113695            
8.508               0.114152            
8.608               0.113597            
8.708               0.113149            
8.808               0.112974            
8.908               0.11191             
9.008               0.109679            
9.108               0.110821            
9.204               0.109042            
9.304               0.108632            
9.404               0.107588            
9.504               0.107368            
9.604               0.107825            
9.704               0.110359            
9.804               0.112278            
9.904               0.113067            
10.004              0.112048            
10.104              0.111006            
10.204              0.110985            
10.304              0.109921            
10.404              0.109815            
10.504              0.107542            
10.608              0.105633            
10.708              0.103727            
10.808              0.103225            
10.908              0.102778            
11.008              0.0997739           
11.108              0.0966365           
11.208              0.0923235           
11.308              0.0913472           
11.408              0.0899153           
11.508              0.0864911           
11.608              0.086477            
11.708              0.0872128           
11.808              0.0892181           
11.908              0.0893104           
12.008              0.0896795           
12.108              0.0922554           
12.208              0.0950918           
12.308              0.0984516           
12.408              0.102209            
12.508              0.105196            
12.608              0.108938            
12.708              0.114119            
12.812              0.121095            
12.912              0.129067            
13.012              0.136917            
13.112              0.145472            
13.212              0.154332            
13.312              0.16054             
13.412              0.169621            
13.512              0.177637            
13.612              0.185261            
13.712              0.192544            
13.812              0.199742            
13.912              0.209243            
14.012              0.218658            
14.112              0.223754            
14.212              0.230547            
14.312              0.236491            
14.412              0.242548            
14.508              0.249433            
14.608              0.253022            
14.708              0.257828            
14.808              0.263163            
14.908              0.264548            
15.012              0.268078            
15.112              0.269628            
15.212              0.271648            
15.312              0.2725              
15.412              0.275819            
15.512              0.273932            
15.612              0.273041            
15.712              0.273751            
15.812              0.273301            
15.912              0.274749            
16.012              0.278223            
16.112              0.280586            
16.212              0.283328            
16.312              0.286081            
16.412              0.288912            
16.512              0.289397            
16.612              0.290134            
16.712              0.288901            
16.812              0.288686            
16.912              0.285804            
17.012              0.282984            
17.112              0.279553            
17.212              0.274512            
17.316              0.268607            
17.416              0.263119            
17.516              0.259827            
17.616              0.253785            
17.716              0.246736            
17.816              0.241264            
17.916              0.234297            
18.016              0.227224            
18.116              0.220245            
18.216              0.214804            
18.316              0.206557            
18.416              0.199703            
18.516              0.19242             
18.616              0.185333            
18.716              0.175513            
18.816              0.169377            
18.916              0.163092            
19.016              0.157692            
19.116              0.151692            
19.216              0.144992            
19.316              0.141373            
19.42               0.13713             
19.52               0.134143            
19.62               0.131659            
19.72               0.130902            
19.82               0.128969            
19.92               0.127521            
20.02               0.126716            
20.12               0.126384            
20.22               0.125751            
20.32               0.125872            
20.42               0.127626            
20.52               0.132062            
20.62               0.134335            
20.72               0.137089            
20.82               0.140642            
20.92               0.142085            
21.02               0.145274            
21.12               0.149827            
21.22               0.154476            
21.32               0.159203            
21.42               0.162615            
21.52               0.1668              
21.624              0.172484            
21.724              0.178309            
21.812              0.18503             
21.912              0.190749            
22.012              0.194207            
22.112              0.199246            
22.212              0.206143            
22.312              0.212783            
22.412              0.220165            
22.512              0.227373            
22.612              0.232854            
22.712              0.237358            
22.812              0.243851            
22.912              0.248695            
23.012              0.253905            
23.112              0.258579            
23.212              0.264658            
23.312              0.26907             
23.412              0.273147            
23.512              0.276762            
23.612              0.281212            
23.712              0.286699            
23.812              0.292156            
23.916              0.2953              
24.016              0.297313            
24.116              0.298856            
24.216              0.299759            
24.316              0.302669            
24.416              0.30298             
24.516              0.304068            
24.616              0.304775            
24.716              0.305443            
24.816              0.30568             
24.916              0.306291            
25.016              0.306499            
25.116              0.305605            
25.216              0.304254            
25.316              0.302031            
25.416              0.299628            
25.516              0.29581             
25.616              0.292397            
25.716              0.288127            
25.816              0.283959            
25.916              0.280129            
26.016              0.277135            
26.12               0.27174             
26.22               0.266091            
26.32               0.260653            
26.42               0.255784            
26.52               0.250262            
26.62               0.241544            
26.72               0.23466             
26.82               0.224514            
26.92               0.217704            
27.02               0.207884            
27.12               0.201378            
27.22               0.191956            
27.32               0.184661            
27.42               0.177713            
27.52               0.170468            
27.62               0.163273            
27.72               0.156465            
27.82               0.149248            
27.92               0.14221             
28.02               0.13394             
28.12               0.128235            
28.224              0.11942             
28.324              0.109433            
28.424              0.10216             
28.524              0.0930486           
28.624              0.0864136           
28.724              0.0783248           
28.824              0.0725605           
28.924              0.0675642           
29.02               0.0643928           
29.12               0.0633323           
29.22               0.0634489           
29.32               0.0651488           
29.42               0.065733            
29.52               0.0683608           
29.62               0.0722759           
29.72               0.0712187           
29.82               0.0716915           
29.92               0.069962            
30.02               0.072278            
30.12               0.074842            
30.22               0.0793161           
30.32               0.0832396           
30.424              0.0861385           
30.524              0.0908709           
30.624              0.0967703           
30.724              0.102922            
30.824              0.107966            
30.924              0.115419            
31.024              0.123188            
31.124              0.131828            
31.224              0.13916             
31.324              0.14747             
31.424              0.156462            
31.524              0.166012            
31.624              0.174058            
31.724              0.182763            
31.824              0.189552            
31.924              0.197185            
32.024              0.204513            
32.124              0.209908            
32.224              0.21425             
32.324              0.219985            
32.424              0.224649            
32.524              0.228792            
32.624              0.230082            
32.728              0.235909            
32.828              0.239748            
32.928              0.24448             
33.028              0.249635            
33.128              0.252535            
33.228              0.255284            
33.328              0.258618            
33.428              0.260875            
33.528              0.263249            
33.628              0.264039            
33.728              0.264686            
33.828              0.264998            
33.928              0.266602            
34.028              0.269173            
34.128              0.271307            
34.228              0.273009            
34.328              0.271744            
34.428              0.270493            
34.528              0.266735            
34.628              0.262277            
34.728              0.258488            
34.828              0.253606            
34.932              0.247169            
35.032              0.242685            
35.132              0.23752             
35.232              0.233049            
35.332              0.227323            
35.432              0.221209            
35.532              0.212224            
35.632              0.203974            
35.732              0.194867            
35.832              0.188052            
35.932              0.18027             
36.032              0.173051            
36.12               0.166743            
36.22               0.159434            
36.32               0.154377            
36.42               0.147658            
36.52               0.144082            
36.62               0.138725            
36.72               0.135387            
36.82               0.132739            
36.92               0.13052             
37.02               0.128742            
37.12               0.126173            
37.224              0.123915            
37.324              0.122053            
37.424              0.120365            
37.524              0.120933            
37.624              0.120701            
37.724              0.122536            
37.824              0.125376            
37.924              0.129061            
38.024              0.132738            
38.124              0.13345             
38.224              0.132634            
38.324              0.131155            
38.424              0.133908            
38.524              0.137673            
38.624              0.140342            
38.724              0.143436            
38.824              0.147736            
38.924              0.152102            
39.024              0.158294            
39.124              0.164442            
39.224              0.170405            
39.324              0.17953             
39.428              0.188503            
39.528              0.197739            
39.628              0.206473            
39.728              0.212889            
39.828              0.221533            
39.928              0.22855             
40.028              0.2345              
40.128              0.239314            
40.228              0.245204            
40.328              0.251264            
40.428              0.25616             
40.528              0.2611              
40.628              0.267509            
40.728              0.272256            
40.828              0.274853            
40.928              0.278147            
41.028              0.27981             
41.128              0.281522            
41.228              0.283181            
41.328              0.281725            
41.428              0.279989            
41.528              0.278622            
41.632              0.277089            
41.732              0.274985            
41.832              0.275915            
41.932              0.274015            
42.032              0.27302             
42.132              0.271829            
42.232              0.270025            
42.332              0.266814            
42.432              0.262476            
42.532              0.255593            
42.632              0.250293            
42.732              0.246159            
42.832              0.241096            
42.932              0.23723             
43.032              0.232518            
43.132              0.225305            
43.228              0.217535            
43.328              0.207279            
43.428              0.197414            
43.528              0.187084            
43.628              0.178641            
43.728              0.172264            
43.828              0.165942            
43.932              0.159652            
44.032              0.156505            
44.132              0.152602            
44.232              0.146662            
44.332              0.140659            
44.432              0.135819            
44.532              0.131251            
44.632              0.126659            
44.732              0.124112            
44.832              0.120963            
44.932              0.116581            
45.032              0.11188             
45.132              0.107351            
45.232              0.103477            
45.332              0.0992656           
45.432              0.0958085           
45.532              0.0941899           
45.632              0.0907094           
45.732              0.0870306           
45.832              0.0850213           
45.932              0.0855303           
46.032              0.0855889           
46.136              0.0860267           
46.236              0.0835912           
46.336              0.0853295           
46.436              0.09044             
46.536              0.0930386           
46.636              0.0955834           
46.736              0.100252            
46.836              0.103237            
46.936              0.109269            
47.036              0.116642            
47.136              0.124283            
47.224              0.130724            
47.324              0.139957            
47.424              0.147063            
47.524              0.153007            
47.624              0.160283            
47.724              0.168417            
47.824              0.174914            
47.924              0.181016            
48.024              0.189229            
48.124              0.197905            
48.228              0.204772            
48.328              0.212881            
48.428              0.219624            
48.528              0.225988            
48.628              0.232541            
48.728              0.238117            
48.828              0.244215            
48.928              0.250225            
49.028              0.255947            
49.128              0.260167            
49.228              0.267173            
49.328              0.272425            
49.428              0.277161            
49.528              0.279235            
49.628              0.280944            
49.728              0.283919            
49.828              0.282944            
49.928              0.2809              
50.028              0.278882            
50.128              0.279072            
50.228              0.279078            
50.328              0.28002             
50.432              0.278082            
50.532              0.277297            
50.632              0.275579            
50.732              0.271803            
50.832              0.266021            
50.932              0.259268            
51.032              0.253087            
51.132              0.246754            
51.232              0.241493            
51.332              0.238315            
51.432              0.235481            
51.532              0.229645            
51.632              0.223322            
51.732              0.218406            
51.832              0.212643            
51.932              0.207329            
52.032              0.20154             
52.132              0.195766            
52.232              0.190763            
52.332              0.183346            
52.432              0.175225            
52.532              0.165028            
52.636              0.157716            
52.736              0.152083            
52.836              0.144652            
52.936              0.137609            
53.036              0.130985            
53.136              0.125344            
53.236              0.119245            
53.336              0.115646            
53.436              0.11082             
53.536              0.106404            
53.636              0.101678            
53.736              0.0964522           
53.836              0.091445            
53.936              0.0895514           
54.036              0.0858431           
54.136              0.08336             
54.236              0.0804415           
54.336              0.0780778           
54.436              0.0761762           
54.536              0.0750058           
54.632              0.0760002           
54.732              0.0775845           
54.836              0.0783467           
54.936              0.0792806           
55.036              0.0793769           
55.136              0.0785682           
55.236              0.0762715           
55.336              0.075336            
55.436              0.0749846           
55.536              0.0770061           
55.636              0.0789304           
55.736              0.0813379           
55.836              0.0896592           
55.936              0.0977991           
56.036              0.105158            
56.136              0.111953            
56.236              0.121049            
56.336              0.129456            
56.436              0.13846             
56.536              0.147917            
56.636              0.158323            
56.736              0.165426            
56.836              0.174483            
56.936              0.182252            
57.036              0.190937            
57.14               0.198526            
57.24               0.205284            
57.34               0.212551            
57.44               0.217979            
57.54               0.225031            
57.64               0.232374            
57.74               0.239639            
57.84               0.24679             
57.94               0.254715            
58.04               0.262185            
58.14               0.268617            
58.24               0.273778            
58.34               0.281178            
58.44               0.28616             
58.54               0.292908            
58.64               0.298568            
58.74               0.304034            
58.84               0.307867            
58.94               0.310811            
59.04               0.31255             
59.14               0.315918            
59.24               0.31667             
59.34               0.316303            
59.444              0.315274            
59.544              0.313246            
59.644              0.310615            
59.744              0.310043            
59.844              0.30764             
59.944              0.303723            
60.044              0.297091            
60.144              0.288418            
60.244              0.280856            
60.344              0.274167            
60.444              0.266878            
60.544              0.25985             
60.644              0.252655            
60.744              0.244657            
60.844              0.235637            
60.944              0.229197            
61.044              0.220304            
61.144              0.215226            
61.244              0.207772            
61.344              0.199082            
61.444              0.192901            
61.544              0.186194            
61.644              0.179929            
61.748              0.174263            
61.848              0.169316            
61.94               0.163984            
62.04               0.159008            
62.14               0.155797            
62.24               0.153685            
62.34               0.151945            
62.44               0.150161            
62.54               0.149882            
62.64               0.149042            
62.74               0.146858            
62.84               0.146313            
62.94               0.146602            
63.04               0.146404            
63.14               0.147091            
63.24               0.147467            
63.34               0.14565             
63.44               0.144337            
63.54               0.142307            
63.64               0.142375            
63.74               0.14044             
63.84               0.140264            
63.944              0.139864            
64.044              0.141179            
64.144              0.144092            
64.244              0.146963            
64.344              0.150642            
64.444              0.154025            
64.544              0.156941            
64.644              0.159324            
64.744              0.162168            
64.844              0.167372            
64.944              0.1717              
65.044              0.175637            
65.144              0.182117            
65.244              0.189317            
65.344              0.195117            
65.444              0.204404            
65.544              0.211371            
65.644              0.218101            
65.744              0.226124            
65.844              0.232487            
65.944              0.239523            
66.044              0.248048            
66.148              0.255545            
66.248              0.261821            
66.348              0.270956            
66.448              0.275215            
66.548              0.279603            
66.648              0.283796            
66.748              0.289862            
66.848              0.294956            
66.948              0.296505            
67.048              0.298468            
67.148              0.297869            
67.248              0.297584            
67.348              0.292744            
67.448              0.289931            
67.548              0.285037            
67.648              0.283029            
67.748              0.278568            
67.848              0.275927            
67.948              0.271019            
68.048              0.267442            
68.148              0.261478            
68.248              0.253514            
68.352              0.241626            
68.452              0.232303            
68.552              0.222662            
68.652              0.212699            
68.752              0.203532            
68.852              0.194332            
68.952              0.185923            
69.052              0.177886            
69.152              0.16994             
69.252              0.165612            
69.352              0.159229            
69.452              0.152601            
69.552              0.145713            
69.644              0.137066            
69.744              0.129972            
69.844              0.121936            
69.944              0.11828             
70.044              0.113677            
70.144              0.109392            
70.244              0.103218            
70.344              0.0978575           
70.444              0.0933936           
70.548              0.0883062           
70.648              0.0848684           
70.748              0.0825894           
70.848              0.0789783           
70.948              0.0727026           
71.048              0.0689702           
71.148              0.0648808           
71.248              0.0602465           
71.348              0.0555823           
71.448              0.0506423           
71.548              0.0437768           
71.648              0.0385637           
71.748              0.0340297           
71.848              0.0304434           
71.948              0.0269475           
72.048              0.0229144           
72.148              0.0180662           
72.248              0.0153174           
72.348              0.0125794           
72.448              0.0101328           
72.548              0.00702477          
72.648              0.0041275           
72.748              0.00211191          
72.852              0.00263262          
72.952              0.00636148          
73.052              0.00943685          
73.152              0.0147324           
73.252              0.0201373           
73.352              0.0274723           
73.452              0.03825             
73.552              0.047025            
73.652              0.0550404           
73.752              0.0636523           
73.852              0.0709872           
73.952              0.0783408           
74.052              0.0894945           
74.152              0.100049            
74.252              0.109711            
74.352              0.121022            
74.452              0.133243            
74.552              0.145642            
74.652              0.158926            
74.752              0.170605            
74.852              0.183757            
74.952              0.1955              
75.056              0.207694            
75.156              0.220062            
75.256              0.231734            
75.356              0.243555            
75.456              0.254135            
75.556              0.26189             
75.656              0.270831            
75.756              0.278827            
75.856              0.288754            
75.956              0.297974            
76.056              0.304133            
76.156              0.312492            
76.256              0.320114            
76.356              0.324276            
76.456              0.328717            
76.556              0.332308            
76.656              0.335274            
76.756              0.338224            
76.856              0.33986             
76.956              0.341006            
77.056              0.338959            
77.156              0.336705            
77.256              0.333402            
77.36               0.3305              
77.46               0.329357            
77.56               0.327146            
77.66               0.32283             
77.76               0.317606            
77.86               0.310528            
77.96               0.300721            
78.06               0.292448            
78.16               0.285307            
78.26               0.278209            
78.36               0.26939             
78.46               0.258771            
78.56               0.247847            
78.656              0.237494            
78.756              0.226069            
78.856              0.216093            
78.956              0.204824            
79.056              0.195374            
79.156              0.187366            
79.256              0.176606            
79.356              0.166354            
79.456              0.158426            
79.556              0.149492            
79.656              0.141469            
79.76               0.134506            
79.86               0.12669             
79.96               0.118749            
80.06               0.108871            
80.16               0.100751            
80.26               0.0902698           
80.36               0.0818882           
80.46               0.0747118           
80.56               0.0734868           
80.66               0.0712805           
80.76               0.069819            
80.86               0.0692158           
80.96               0.0694144           
81.06               0.0668168           
81.16               0.0643528           
81.26               0.0606117           
81.36               0.0611751           
81.46               0.0623879           
81.56               0.0645466           
81.66               0.0672684           
81.76               0.0714078           
81.86               0.076339            
81.964              0.0818996           
82.064              0.0881448           
82.164              0.0957816           
82.264              0.10054             
82.364              0.107203            
82.464              0.11341             
82.564              0.123563            
82.664              0.131189            
82.764              0.138627            
82.864              0.146416            
82.964              0.158862            
83.064              0.166953            
83.164              0.17723             
83.264              0.188126            
83.364              0.198565            
83.464              0.207408            
83.564              0.215502            
83.664              0.225077            
83.764              0.232746            
83.864              0.239953            
83.964              0.248168            
84.064              0.25649             
84.168              0.264484            
84.268              0.268967            
84.368              0.274279            
84.468              0.281403            
84.568              0.284451            
84.668              0.288103            
84.768              0.290035            
84.868              0.292382            
84.968              0.292779            
85.068              0.291955            
85.168              0.290387            
85.268              0.286323            
85.368              0.282306            
85.468              0.278699            
85.568              0.277735            
85.668              0.27568             
85.768              0.275483            
85.868              0.272328            
85.968              0.269604            
86.068              0.268424            
86.168              0.266838            
86.268              0.263569            
86.368              0.259457            
86.472              0.253129            
86.572              0.247565            
86.672              0.241633            
86.772              0.235915            
86.872              0.231279            
86.972              0.223138            
87.072              0.216189            
87.172              0.207069            
87.272              0.200255            
87.372              0.192174            
87.472              0.18512             
87.572              0.175677            
87.672              0.168797            
87.772              0.160364            
87.872              0.153948            
87.96               0.147436            
88.06               0.141293            
88.16               0.133095            
88.26               0.125693            
88.36               0.118179            
88.46               0.109925            
88.56               0.101096            
88.66               0.094156            
88.764              0.0927043           
88.864              0.0896993           
88.964              0.0872171           
89.064              0.0863068           
89.164              0.0855651           
89.264              0.0868425           
89.364              0.0864909           
89.464              0.084476            
89.564              0.0823126           
89.664              0.0825858           
89.764              0.0836155           
89.864              0.0850251           
89.964              0.0884547           
90.064              0.0910578           
90.164              0.0928009           
90.264              0.0962269           
90.364              0.0976455           
90.464              0.102957            
90.564              0.108114            
90.664              0.111069            
90.764              0.117286            
90.864              0.126274            
90.964              0.134982            
91.068              0.143712            
91.168              0.153096            
91.268              0.161464            
91.368              0.169559            
91.468              0.179279            
91.568              0.188639            
91.668              0.200012            
91.768              0.209533            
91.868              0.218741            
91.968              0.227669            
92.068              0.236193            
92.168              0.244717            
92.268              0.253484            
92.368              0.261313            
92.468              0.26842             
92.568              0.275003            
92.668              0.279583            
92.768              0.288687            
92.868              0.298477            
92.968              0.305407            
93.068              0.312514            
93.168              0.318741            
93.272              0.325251            
93.372              0.331473            
93.472              0.337803            
93.572              0.342046            
93.672              0.340875            
93.772              0.3422              
93.872              0.341241            
93.972              0.340604            
94.072              0.339844            
94.172              0.335328            
94.272              0.332846            
94.372              0.329953            
94.472              0.326505            
94.572              0.321624            
94.672              0.315724            
94.772              0.309204            
94.872              0.302742            
94.972              0.293628            
95.072              0.285331            
95.172              0.275736            
95.272              0.268136            
95.372              0.260091            
95.472              0.250484            
95.576              0.240715            
95.676              0.229628            
95.776              0.221505            
95.876              0.211106            
95.976              0.199706            
96.076              0.187408            
96.176              0.175492            
96.276              0.164758            
96.376              0.154184            
96.476              0.140311            
96.576              0.132172            
96.676              0.1217              
96.776              0.111496            
96.876              0.101932            
96.976              0.0940831           
97.076              0.0861094           
97.176              0.0773327           
97.276              0.0694888           
97.376              0.0652928           
97.476              0.062887            
97.576              0.0613747           
97.672              0.0627604           
97.772              0.0627427           
97.872              0.0646269           
97.972              0.0669637           
98.072              0.0667932           
98.172              0.0696158           
98.272              0.0721822           
98.372              0.077204            
98.472              0.0791554           
98.572              0.0832534           
98.672              0.0884933           
98.772              0.0938098           
98.872              0.0990264           
98.972              0.10325             
99.072              0.105895            
99.172              0.111042            
99.272              0.118703            
99.372              0.127773            
99.472              0.134624            
99.572              0.143476            
99.672              0.150752            
99.772              0.162688            
99.872              0.174036            
99.976              0.183573            
100.076             0.196114            
100.176             0.206627            
100.276             0.217343            
100.376             0.227113            
100.476             0.236723            
100.576             0.243459            
100.676             0.249957            
100.776             0.257328            
100.876             0.263395            
100.976             0.271318            
101.076             0.277834            
101.176             0.283901            
101.276             0.289302            
101.376             0.292836            
101.476             0.296163            
101.576             0.298157            
101.676             0.300623            
101.776             0.30181             
101.876             0.304799            
101.976             0.305341            
102.076             0.3024              
