0                   2.17962             
0.1                 2.16928             
0.2                 2.1423              
0.3                 2.0988              
0.4                 2.0503              
0.5                 1.99014             
0.6                 1.92688             
0.7                 1.84914             
0.8                 1.76839             
0.9                 1.67134             
1                   1.57275             
1.1                 1.45724             
1.204               1.3332              
1.304               1.21319             
1.404               1.07893             
1.504               0.952038            
1.604               0.813648            
1.704               0.68604             
1.804               0.550277            
1.904               0.428414            
2.004               0.301972            
2.104               0.191161            
2.204               0.0791563           
2.304               -0.0163041          
2.404               -0.110435           
2.504               -0.188738           
2.604               -0.263473           
2.704               -0.323381           
2.804               -0.377902           
2.904               -0.418861           
3.004               -0.453276           
3.104               -0.476628           
3.204               -0.493223           
3.304               -0.500959           
3.408               -0.50152            
3.508               -0.494524           
3.608               -0.482297           
3.708               -0.463922           
3.808               -0.44287            
3.908               -0.41649            
4.008               -0.389503           
4.108               -0.358124           
4.208               -0.32744            
4.3                 -0.295883           
4.4                 -0.263761           
4.5                 -0.228772           
4.6                 -0.196541           
4.7                 -0.162336           
4.8                 -0.13156            
4.9                 -0.0993173          
5                   -0.0711184          
5.1                 -0.0425732          
5.2                 -0.017988           
5.3                 0.006593            
5.4                 0.0271534           
5.5                 0.0469676           
5.604               0.0643255           
5.704               0.0781718           
5.804               0.0909326           
5.904               0.100613            
6.004               0.108786            
6.104               0.11421             
6.204               0.117868            
6.304               0.119564            
6.404               0.119703            
6.504               0.118004            
6.604               0.114251            
6.704               0.109511            
6.804               0.103349            
6.904               0.09705             
7.004               0.0895905           
7.104               0.0820162           
7.204               0.0732786           
7.304               0.0649807           
7.404               0.0557171           
7.504               0.0472167           
7.604               0.0380577           
7.708               0.0290909           
7.808               0.0211502           
7.908               0.0129789           
8.008               0.00583914          
8.108               -0.00155384         
8.208               -0.00785744         
8.308               -0.0139769          
8.408               -0.0190346          
8.508               -0.0238531          
8.608               -0.0276191          
8.708               -0.0307129          
8.808               -0.0329343          
8.908               -0.0348009          
9.008               -0.0359738          
9.108               -0.0367405          
9.208               -0.0372753          
9.308               -0.0375812          
9.408               -0.0372695          
9.508               -0.0362003          
9.608               -0.0346101          
9.712               -0.0323264          
9.812               -0.0298268          
9.912               -0.0274805          
10.012              -0.0248718          
10.112              -0.0223667          
10.212              -0.0195388          
10.312              -0.0168577          
10.412              -0.0141014          
10.512              -0.0119059          
10.612              -0.00969849         
10.712              -0.00780985         
10.812              -0.00609851         
10.912              -0.00481871         
11.012              -0.00363412         
11.112              -0.00275375         
11.212              -0.00178744         
11.312              -0.000871827        
11.412              -7.74784e-05        
11.512              0.000556479         
11.612              0.00107609          
11.712              0.00139696          
11.812              0.00148983          
11.912              0.00137931          
12.016              0.0013632           
12.116              0.00164203          
12.216              0.00210409          
12.316              0.00269799          
12.416              0.00338309          
12.516              0.00395855          
12.616              0.00451597          
12.716              0.00495135          
12.816              0.00507927          
12.916              0.00508353          
13.016              0.0051954           
13.116              0.00549634          
13.216              0.00589628          
13.316              0.00626057          
13.416              0.00652999          
13.516              0.0068436           
13.616              0.00719188          
13.708              0.00747045          
13.808              0.00768762          
13.908              0.00777769          
14.008              0.00778863          
14.108              0.00769365          
14.212              0.00763654          
14.312              0.00754203          
14.412              0.00758969          
14.512              0.0077466           
14.612              0.00777318          
14.712              0.00782347          
14.812              0.00788824          
14.912              0.00780769          
15.012              0.00746087          
15.112              0.0069774           
15.212              0.00638371          
15.312              0.00592985          
15.412              0.00541017          
15.512              0.00485989          
15.612              0.00445275          
15.712              0.00410871          
15.812              0.00330479          
15.912              0.00258498          
16.012              0.00179215          
16.112              0.000928169         
16.212              -0.00027095         
16.316              -0.0014157          
16.416              -0.00265929         
16.516              -0.00388598         
16.616              -0.00504687         
16.716              -0.00618488         
16.816              -0.00714833         
16.916              -0.00785306         
17.016              -0.00821572         
17.116              -0.00831188         
17.216              -0.00834772         
17.316              -0.00831627         
17.416              -0.00811404         
17.516              -0.00784075         
17.616              -0.0075957          
17.716              -0.00728081         
17.816              -0.0069075          
17.916              -0.00672106         
18.016              -0.00658181         
18.116              -0.00633069         
18.216              -0.00614211         
18.316              -0.00601908         
18.416              -0.00601171         
18.516              -0.00596856         
18.62               -0.00590066         
18.72               -0.00550655         
18.82               -0.00450944         
18.92               -0.00342383         
19.02               -0.00222516         
19.12               -0.00118            
19.22               -0.000113733        
19.32               0.000909168         
19.42               0.00206208          
19.52               0.00301933          
19.62               0.00377801          
19.72               0.00420071          
19.82               0.00460093          
19.92               0.00467667          
20.02               0.00453301          
20.12               0.00432096          
20.22               0.00377183          
20.32               0.00319414          
20.42               0.00315275          
20.52               0.00342649          
20.62               0.00395395          
20.72               0.0043357           
20.824              0.00458935          
20.924              0.00440882          
21.024              0.00417782          
21.124              0.00408815          
21.224              0.00414179          
21.324              0.00427701          
21.424              0.0044865           
21.524              0.00481354          
21.624              0.00523365          
21.724              0.00592546          
21.824              0.00642848          
21.924              0.00676486          
22.024              0.00706701          
22.124              0.00731031          
22.224              0.00745424          
22.324              0.00755333          
22.424              0.00760248          
22.524              0.00741618          
22.624              0.00723684          
22.724              0.00707142          
22.824              0.00689199          
22.924              0.00685138          
23.028              0.00716575          
23.116              0.00748198          
23.216              0.00774938          
23.316              0.00794143          
23.416              0.00810199          
23.516              0.00840779          
23.616              0.00875046          
23.716              0.0088582           
23.816              0.0086344           
23.916              0.00823677          
24.016              0.00778797          
24.116              0.00743817          
24.216              0.00705977          
24.316              0.00655388          
24.416              0.00614026          
24.516              0.00548243          
24.616              0.00468151          
24.716              0.00391413          
24.816              0.00336107          
24.916              0.00283902          
25.016              0.00257134          
25.116              0.00245466          
25.22               0.0024766           
25.32               0.00249995          
25.42               0.00253903          
25.52               0.00270015          
25.62               0.00274012          
25.72               0.00264076          
25.82               0.00229166          
25.92               0.00201542          
26.02               0.00170134          
26.12               0.00122817          
26.22               0.000727582         
26.32               0.000307943         
26.42               -1.25796e-05        
26.52               -0.000355463        
26.62               -0.000913595        
26.72               -0.00134681         
26.82               -0.00181148         
26.92               -0.00235183         
27.02               -0.00313043         
27.12               -0.00397586         
27.22               -0.00485289         
27.32               -0.00549861         
27.424              -0.00617186         
27.524              -0.00672779         
27.624              -0.00709087         
27.724              -0.00717478         
27.824              -0.00718848         
27.924              -0.0070632          
28.024              -0.00664762         
28.124              -0.00599527         
28.224              -0.0054112          
28.324              -0.00490737         
28.424              -0.00449244         
28.524              -0.00406648         
28.624              -0.0036784          
28.724              -0.00327562         
28.824              -0.00306087         
28.924              -0.00276475         
29.024              -0.00229604         
29.124              -0.00162663         
29.224              -0.000878024        
29.324              0.00019284          
29.428              0.00119853          
29.528              0.00207373          
29.628              0.00269019          
29.728              0.00312453          
29.828              0.00332191          
29.928              0.00340294          
30.028              0.00351113          
30.12               0.00365767          
30.22               0.00406405          
30.32               0.00456651          
30.42               0.00491465          
30.52               0.0053298           
30.62               0.00573544          
30.72               0.00608198          
30.82               0.0065467           
30.92               0.00691688          
31.02               0.00714666          
31.12               0.00733843          
31.22               0.00749947          
31.32               0.00762318          
31.42               0.00779661          
31.52               0.00801851          
31.62               0.00805744          
31.724              0.00805937          
31.824              0.00809497          
31.924              0.00812524          
32.024              0.0081372           
32.124              0.00801887          
32.224              0.00761872          
32.324              0.0070069           
32.424              0.0065768           
32.524              0.00640388          
32.624              0.00655937          
32.724              0.00679294          
32.824              0.00699928          
32.924              0.0071165           
33.024              0.00723445          
33.124              0.00702469          
33.224              0.00675345          
33.324              0.00637122          
33.424              0.00616527          
33.524              0.00590992          
33.624              0.00556359          
33.724              0.00512396          
33.828              0.00479206          
33.928              0.00434058          
34.028              0.0037332           
34.128              0.00284656          
34.228              0.00158968          
34.328              0.000513017         
34.428              -0.000691403        
34.528              -0.00169515         
34.628              -0.00260511         
34.728              -0.00325802         
34.828              -0.00358745         
34.928              -0.00362466         
35.028              -0.00347858         
35.128              -0.0031262          
35.228              -0.00280711         
35.328              -0.00265938         
35.428              -0.00229021         
35.528              -0.00185418         
35.628              -0.00155648         
35.728              -0.00142452         
35.828              -0.00149896         
35.932              -0.00193527         
36.032              -0.00255793         
36.132              -0.00321063         
36.232              -0.00391149         
36.332              -0.00476893         
36.432              -0.00553131         
36.532              -0.00638924         
36.632              -0.00694229         
36.732              -0.00729131         
36.832              -0.00762153         
36.932              -0.00743591         
37.032              -0.0070081          
37.132              -0.00639482         
37.232              -0.00568262         
37.332              -0.00482857         
37.432              -0.00419995         
37.532              -0.00366987         
37.632              -0.00322546         
37.732              -0.00293262         
37.832              -0.00283242         
37.932              -0.00269282         
38.032              -0.0025874          
38.136              -0.00236005         
38.236              -0.00199765         
38.336              -0.00153649         
38.436              -0.000817428        
38.536              1.25942e-05         
38.636              0.000885822         
38.736              0.00179498          
38.836              0.00270915          
38.936              0.00359765          
39.036              0.0044955           
39.136              0.00529561          
39.236              0.0062818           
39.336              0.00718644          
39.432              0.00786377          
39.532              0.00853628          
39.632              0.00912896          
39.732              0.00981182          
39.832              0.0105405           
39.932              0.0112453           
40.032              0.0117402           
40.132              0.0121829           
40.236              0.0126219           
40.336              0.012706            
40.436              0.0126441           
40.536              0.012482            
40.636              0.0121016           
40.736              0.0115325           
40.836              0.0108336           
40.936              0.0102371           
41.036              0.00981812          
41.136              0.00929475          
41.236              0.00834678          
41.336              0.00712795          
41.436              0.00606142          
41.536              0.00520749          
41.636              0.00392862          
41.736              0.00281178          
41.836              0.00194196          
41.936              0.00130453          
42.036              0.000588237         
42.136              -7.77865e-05        
42.236              -0.000630631        
42.336              -0.00106551         
42.44               -0.00125649         
42.54               -0.001505           
42.64               -0.00187418         
42.74               -0.00238147         
42.84               -0.00290603         
42.94               -0.00343045         
43.04               -0.0038711          
43.14               -0.00450964         
43.24               -0.004932           
43.34               -0.00512667         
43.44               -0.00519095         
43.54               -0.00522517         
43.64               -0.00511912         
43.74               -0.00483233         
43.84               -0.00468743         
43.94               -0.00466936         
44.04               -0.00469646         
44.14               -0.00456204         
44.24               -0.00421672         
44.34               -0.00352196         
44.44               -0.00275477         
44.544              -0.00202779         
44.644              -0.00139578         
44.744              -0.000925704        
44.844              -0.000901984        
44.944              -0.00120513         
45.044              -0.0014021          
45.144              -0.00136931         
45.244              -0.00104788         
45.344              -0.000553199        
45.444              -0.000114954        
45.544              0.000261962         
45.644              0.000683474         
45.744              0.00111072          
45.844              0.00148804          
45.944              0.00166203          
46.044              0.00155137          
46.144              0.00140371          
46.244              0.0011711           
46.344              0.000851172         
46.444              0.000481437         
46.544              1.79008e-06         
46.648              -0.000663891        
46.748              -0.00141045         
46.848              -0.00171578         
46.948              -0.00183296         
47.048              -0.00179193         
47.148              -0.00169729         
47.248              -0.00154219         
47.348              -0.00111817         
47.448              -0.000478851        
47.548              0.000372342         
47.648              0.00143798          
47.748              0.0025033           
47.848              0.00344731          
47.948              0.00460391          
48.048              0.00576339          
48.148              0.00728445          
48.248              0.00879982          
48.348              0.0102027           
48.448              0.0111902           
48.548              0.0118955           
48.648              0.012268            
48.748              0.0126387           
48.852              0.0128553           
48.952              0.0128836           
49.044              0.0126567           
49.144              0.0122504           
49.244              0.0117683           
49.344              0.0113416           
49.444              0.0107257           
49.544              0.0102225           
49.644              0.0095977           
49.744              0.00901106          
49.844              0.00841758          
49.944              0.00787676          
50.044              0.0074341           
50.144              0.00721528          
50.244              0.00701274          
50.344              0.00681707          
50.444              0.00630732          
50.544              0.00540735          
50.644              0.00413891          
50.744              0.00308256          
50.844              0.00190476          
50.948              0.000799603         
51.048              -0.00017979         
51.148              -0.00112679         
51.248              -0.00187298         
51.348              -0.00280471         
51.448              -0.00408056         
51.548              -0.00565635         
51.648              -0.00699967         
51.748              -0.00803182         
51.848              -0.00867423         
51.948              -0.00928128         
52.048              -0.00958924         
52.148              -0.00967553         
52.248              -0.00975294         
52.348              -0.00988937         
52.448              -0.0100918          
52.548              -0.0102124          
52.648              -0.0102224          
52.748              -0.0103141          
52.848              -0.0102072          
52.948              -0.00984489         
53.052              -0.0092427          
53.152              -0.00859622         
53.252              -0.00774644         
53.352              -0.00709246         
53.452              -0.00637892         
53.552              -0.00577906         
53.652              -0.0054017          
53.752              -0.00519084         
53.852              -0.00461639         
53.952              -0.00384011         
54.052              -0.00303915         
54.152              -0.00234869         
54.252              -0.00147847         
54.352              -0.000637017        
54.452              0.000310435         
54.552              0.00108957          
54.652              0.00169406          
54.752              0.00204357          
54.852              0.00239914          
54.952              0.00248384          
55.052              0.00225338          
55.152              0.00203661          
55.256              0.001725            
55.356              0.0013967           
55.456              0.00103707          
55.556              0.000807796         
55.656              0.00109343          
55.756              0.00182377          
55.856              0.00249914          
55.956              0.00295327          
56.056              0.00340322          
56.156              0.00395606          
56.256              0.0041454           
56.356              0.00432062          
56.456              0.00449465          
56.556              0.00464986          
56.656              0.00490974          
56.756              0.00525659          
56.856              0.00545072          
56.956              0.00579571          
57.056              0.00620074          
57.156              0.00674893          
57.256              0.00713162          
57.36               0.00723578          
57.46               0.0070169           
57.56               0.00678291          
57.66               0.00661346          
57.76               0.00663217          
57.86               0.00676327          
57.96               0.00699173          
58.06               0.00744386          
58.16               0.00802126          
58.26               0.00860882          
58.36               0.00899622          
58.46               0.00912094          
58.56               0.00927289          
58.652              0.0093639           
58.752              0.0093949           
58.852              0.0092601           
58.952              0.00903498          
59.052              0.00881866          
59.152              0.00857527          
59.252              0.00830074          
59.352              0.00812655          
59.452              0.00787819          
59.556              0.00746009          
59.656              0.00676109          
59.756              0.00590886          
59.856              0.0049696           
59.956              0.00375601          
60.056              0.00267438          
60.156              0.00168027          
60.256              0.000987408         
60.356              0.000559647         
60.456              0.000367925         
60.556              0.000132391         
60.656              -0.000137525        
60.756              -0.000635145        
60.856              -0.00127126         
60.956              -0.00186357         
61.056              -0.00255962         
61.156              -0.00348548         
61.256              -0.00455724         
61.356              -0.00559734         
61.456              -0.00661896         
61.556              -0.00799434         
61.656              -0.0092398          
61.76               -0.0104076          
61.86               -0.0112513          
61.96               -0.011786           
62.06               -0.0122686          
62.16               -0.0124984          
62.26               -0.0126078          
62.36               -0.0126329          
62.46               -0.0126672          
62.56               -0.0123386          
62.66               -0.0117794          
62.76               -0.0114385          
62.86               -0.0110604          
62.96               -0.0106957          
63.06               -0.0101579          
63.16               -0.00961466         
63.26               -0.00901382         
63.36               -0.00853114         
63.46               -0.00775291         
63.56               -0.00703907         
63.66               -0.00632686         
63.76               -0.00590876         
63.86               -0.00540132         
63.96               -0.00443648         
64.064              -0.00282489         
64.164              -0.00100516         
64.264              0.000662641         
64.364              0.00229828          
64.464              0.00370817          
64.564              0.00521173          
64.664              0.00665002          
64.764              0.00802827          
64.864              0.00909262          
64.964              0.0100048           
65.064              0.0107353           
65.164              0.0114031           
65.264              0.011936            
65.364              0.012548            
65.464              0.013173            
65.564              0.0135143           
65.664              0.0135077           
65.764              0.0134154           
65.864              0.0130619           
65.964              0.012564            
66.064              0.0122211           
66.168              0.0119391           
66.268              0.0117441           
66.368              0.0117159           
66.468              0.0118108           
66.568              0.012069            
66.668              0.0122522           
66.768              0.012121            
66.868              0.0118259           
66.968              0.011374            
67.068              0.01056             
67.168              0.0096059           
67.268              0.00864558          
67.368              0.00780331          
67.468              0.00690032          
67.568              0.00607018          
67.668              0.00500199          
67.768              0.00407158          
67.868              0.00348847          
67.968              0.00308918          
68.068              0.00258653          
68.168              0.00206444          
68.256              0.00148568          
68.36               0.00055189          
68.46               -0.000394051        
68.56               -0.0011794          
68.66               -0.00195982         
68.76               -0.00262979         
68.86               -0.00337795         
68.96               -0.00416192         
69.06               -0.00520285         
69.16               -0.00616025         
69.26               -0.00699493         
69.36               -0.00754514         
69.46               -0.00783728         
69.56               -0.00799103         
69.66               -0.00795938         
69.76               -0.00791421         
69.86               -0.00787855         
69.96               -0.00790228         
70.06               -0.00799243         
70.16               -0.00826701         
70.26               -0.00857846         
70.36               -0.00857412         
70.464              -0.00835149         
70.564              -0.00836338         
70.664              -0.00867761         
70.764              -0.00906006         
70.864              -0.00929948         
70.964              -0.00928087         
71.064              -0.00913111         
71.164              -0.00900387         
71.264              -0.00909872         
71.364              -0.00910014         
71.464              -0.00880361         
71.564              -0.0083415          
71.664              -0.00786611         
71.764              -0.00730482         
71.864              -0.00683986         
71.964              -0.00605634         
72.064              -0.00522519         
72.164              -0.00413278         
72.264              -0.00309161         
72.364              -0.00210113         
72.464              -0.00132141         
72.564              -0.000199526        
72.668              0.00126738          
72.768              0.00266569          
72.868              0.00435724          
72.968              0.00590648          
73.068              0.00748398          
73.168              0.00882995          
73.268              0.0101508           
73.368              0.0109104           
73.468              0.0112421           
73.568              0.0111692           
73.668              0.0108252           
73.768              0.0105739           
73.868              0.0106008           
73.968              0.0106533           
74.068              0.0104788           
74.168              0.0102405           
74.268              0.00985888          
74.368              0.00928279          
74.468              0.00873683          
74.568              0.0083697           
74.668              0.00797785          
74.768              0.00760965          
74.86               0.00710575          
74.96               0.00634175          
75.06               0.00543773          
75.16               0.00463906          
75.26               0.00389386          
75.36               0.00329671          
75.46               0.00278896          
75.56               0.00239295          
75.66               0.00198972          
75.76               0.0017879           
75.86               0.00190712          
75.96               0.0021424           
76.06               0.00220821          
76.16               0.00216004          
76.26               0.00212712          
76.36               0.00221242          
76.46               0.00236914          
76.56               0.00245644          
76.66               0.00265735          
76.76               0.00271074          
76.86               0.00265152          
76.96               0.00256583          
77.064              0.00250847          
77.164              0.0025009           
77.264              0.00251806          
77.364              0.00232006          
77.464              0.00210907          
77.564              0.00200221          
77.664              0.00190517          
77.764              0.00157384          
77.864              0.00111535          
77.964              0.000497332         
78.064              -2.83207e-06        
78.164              -0.000389338        
78.264              -0.000548967        
78.364              -0.00045659         
78.464              -0.000195233        
78.564              -1.07547e-06        
78.664              2.04833e-05         
78.764              -3.78316e-05        
78.864              -0.000157835        
78.964              -0.00039582         
79.064              -0.000751061        
79.164              -0.00148834         
79.268              -0.00246746         
79.368              -0.00324894         
79.468              -0.00397497         
79.568              -0.00453849         
79.668              -0.00517049         
79.768              -0.00583501         
79.868              -0.00636145         
79.968              -0.00674017         
80.068              -0.0070134          
80.168              -0.0071344          
80.268              -0.00694209         
80.368              -0.0064704          
80.468              -0.00578426         
80.568              -0.00510358         
80.668              -0.00422202         
80.768              -0.00338744         
80.868              -0.0024543          
80.968              -0.00151269         
81.068              -0.000363542        
81.16               0.000622774         
81.26               0.00157996          
81.364              0.0023189           
81.464              0.0029027           
81.564              0.003674            
81.664              0.0043944           
81.764              0.00485326          
81.864              0.0048978           
81.964              0.00477824          
82.064              0.00440298          
82.164              0.00394147          
82.264              0.00347553          
82.364              0.00287248          
82.464              0.00214702          
82.564              0.00146843          
82.664              0.00104851          
82.764              0.000691711         
82.864              0.000605119         
82.964              0.000862389         
83.064              0.00133513          
83.164              0.00185271          
83.264              0.00231449          
83.364              0.00283324          
83.464              0.00334687          
83.564              0.00386311          
83.668              0.00451966          
83.768              0.00507975          
83.868              0.00586629          
83.968              0.00663837          
84.068              0.00746329          
84.168              0.00804474          
84.268              0.00858927          
84.368              0.00874318          
84.468              0.00861335          
84.568              0.00844619          
84.668              0.00818949          
84.768              0.00804222          
84.868              0.00785334          
84.968              0.00755694          
85.068              0.00722738          
85.168              0.00665995          
85.268              0.00574755          
85.368              0.0047949           
85.468              0.00385063          
85.568              0.00307768          
85.668              0.00223511          
85.768              0.00135153          
85.872              0.000389304         
85.972              -0.000420697        
86.072              -0.00102192         
86.172              -0.00190524         
86.272              -0.00260969         
86.372              -0.00328371         
86.472              -0.00381666         
86.572              -0.00434558         
86.672              -0.00465823         
86.772              -0.00499204         
86.872              -0.00533034         
86.972              -0.00595436         
87.072              -0.00672937         
87.172              -0.00744965         
87.272              -0.00811702         
87.372              -0.00870849         
87.472              -0.009382           
87.56               -0.00991351         
87.66               -0.0102841          
87.76               -0.0104615          
87.86               -0.0106014          
87.96               -0.0106337          
88.06               -0.0105416          
88.164              -0.0103175          
88.264              -0.0099338          
88.364              -0.00926038         
88.464              -0.00827628         
88.564              -0.00698877         
88.664              -0.00579147         
88.764              -0.0042834          
88.864              -0.00286649         
88.964              -0.00159285         
89.064              -0.000568566        
89.164              0.000532125         
89.264              0.00152258          
89.364              0.00242454          
89.464              0.00311157          
89.564              0.00366426          
89.664              0.00417996          
89.764              0.00459474          
89.864              0.00466711          
89.964              0.00474862          
90.064              0.00491702          
90.164              0.0050816           
90.264              0.00538706          
90.368              0.00587529          
90.468              0.00638293          
90.568              0.00671381          
90.668              0.00703456          
90.768              0.00719804          
90.868              0.00728252          
90.968              0.00731368          
91.068              0.00738133          
91.168              0.00743577          
91.268              0.00742487          
91.368              0.00719591          
91.468              0.00688923          
91.568              0.00686932          
91.668              0.00713238          
91.768              0.00731563          
91.868              0.00741602          
91.968              0.00740036          
92.068              0.00733499          
92.168              0.00716564          
92.268              0.0070386           
92.368              0.00695681          
92.468              0.00698472          
92.572              0.00704664          
92.672              0.00710154          
92.772              0.00715924          
92.872              0.00725456          
92.972              0.00708999          
93.072              0.00680783          
93.172              0.00633382          
93.272              0.00553266          
93.372              0.00467867          
93.472              0.00398665          
93.572              0.00324985          
93.672              0.00241855          
93.764              0.00135679          
93.864              0.000291164         
