0                   3.68189             
0.1                 3.67537             
0.2                 3.67077             
0.3                 3.68003             
0.4                 3.70619             
0.5                 3.75275             
0.6                 3.81063             
0.7                 3.88811             
0.8                 3.97187             
0.904               4.07423             
1.004               4.1866              
1.104               4.29743             
1.204               4.42301             
1.304               4.54169             
1.404               4.67102             
1.504               4.789               
1.604               4.91321             
1.704               5.02312             
1.804               5.13581             
1.904               5.23228             
2.004               5.32702             
2.096               5.3975              
2.196               5.46809             
2.296               5.52028             
2.396               5.562               
2.496               5.58612             
2.596               5.59646             
2.696               5.59167             
2.796               5.57112             
2.896               5.53836             
2.996               5.4887              
3.096               5.43064             
3.196               5.35566             
3.296               5.27621             
3.396               5.18034             
3.496               5.08395             
3.596               4.97228             
3.696               4.86368             
3.8                 4.74121             
3.9                 4.61495             
4                   4.49622             
4.1                 4.3663              
4.2                 4.24651             
4.3                 4.11792             
4.4                 4.00132             
4.5                 3.87834             
4.6                 3.7688              
4.7                 3.65516             
4.8                 3.55537             
4.9                 3.45352             
5                   3.36583             
5.1                 3.27818             
5.2                 3.2041              
5.3                 3.13162             
5.4                 3.07189             
5.5                 3.01475             
5.6                 2.96907             
5.7                 2.92689             
5.8                 2.89422             
5.9                 2.8655              
6                   2.84479             
6.104               2.82846             
6.204               2.81814             
6.304               2.81358             
6.404               2.81348             
6.504               2.81764             
6.604               2.82621             
6.704               2.83717             
6.804               2.85186             
6.904               2.86727             
7.004               2.88542             
7.104               2.90341             
7.204               2.92409             
7.304               2.94393             
7.404               2.96572             
7.504               2.98573             
7.604               3.00704             
7.704               3.02622             
7.804               3.04636             
7.904               3.0641              
8.004               3.08217             
8.104               3.09755             
8.204               3.1126              
8.304               3.12524             
8.408               3.13734             
8.508               3.1474              
8.608               3.15447             
8.708               3.16017             
8.808               3.1637              
8.908               3.16589             
9.008               3.1665              
9.108               3.16581             
9.204               3.1641              
9.304               3.16148             
9.404               3.15741             
9.504               3.1524              
9.604               3.14599             
9.704               3.13924             
9.804               3.13131             
9.904               3.12332             
10.004              3.11432             
10.104              3.10559             
10.204              3.09577             
10.304              3.08651             
10.404              3.07667             
10.504              3.06777             
10.608              3.05823             
10.708              3.04907             
10.808              3.04113             
10.908              3.03356             
11.008              3.02714             
11.108              3.02048             
11.208              3.01467             
11.308              3.00865             
11.408              3.00311             
11.508              2.99725             
11.608              2.99211             
11.708              2.98696             
11.808              2.98282             
11.908              2.97898             
12.008              2.97572             
12.108              2.97212             
12.208              2.96834             
12.308              2.96427             
12.408              2.96056             
12.508              2.9568              
12.608              2.95383             
12.708              2.95073             
12.812              2.94788             
12.912              2.94494             
13.012              2.94219             
13.112              2.94012             
13.212              2.93835             
13.312              2.93735             
13.412              2.93665             
13.512              2.93654             
13.612              2.93719             
13.712              2.93833             
13.812              2.94013             
13.912              2.94222             
14.012              2.94549             
14.112              2.94938             
14.212              2.95416             
14.312              2.95898             
14.412              2.9645              
14.508              2.96994             
14.608              2.9759              
14.708              2.98309             
14.808              2.99014             
14.908              2.99815             
15.012              3.00576             
15.112              3.01407             
15.212              3.0224              
15.312              3.03002             
15.412              3.03812             
15.512              3.04549             
15.612              3.05334             
15.712              3.06051             
15.812              3.06772             
15.912              3.07374             
16.012              3.07969             
16.112              3.0847              
16.212              3.08971             
16.312              3.09357             
16.412              3.09719             
16.512              3.10014             
16.612              3.10291             
16.712              3.10502             
16.812              3.10698             
16.912              3.10833             
17.012              3.10928             
17.112              3.10997             
17.212              3.1106              
17.316              3.111               
17.416              3.11102             
17.516              3.11049             
17.616              3.10958             
17.716              3.10818             
17.816              3.10624             
17.916              3.10338             
18.016              3.10023             
18.116              3.09674             
18.216              3.09364             
18.316              3.09042             
18.416              3.08734             
18.516              3.08381             
18.616              3.08035             
18.716              3.07628             
18.816              3.07205             
18.916              3.067               
19.016              3.06174             
19.116              3.05573             
19.216              3.04986             
19.316              3.04333             
19.42               3.0372              
19.52               3.03034             
19.62               3.02329             
19.72               3.01639             
19.82               3.00839             
19.92               3.00063             
20.02               2.99199             
20.12               2.98393             
20.22               2.97519             
20.32               2.96717             
20.42               2.95859             
20.52               2.95078             
20.62               2.94262             
20.72               2.93554             
20.82               2.92825             
20.92               2.9221              
21.02               2.91616             
21.12               2.91155             
21.22               2.9073              
21.32               2.90371             
21.42               2.90038             
21.52               2.89777             
21.624              2.89548             
21.724              2.89386             
21.812              2.89314             
21.912              2.89318             
22.012              2.89429             
22.112              2.89606             
22.212              2.8988              
22.312              2.90206             
22.412              2.90653             
22.512              2.91138             
22.612              2.91723             
22.712              2.92318             
22.812              2.93023             
22.912              2.93708             
23.012              2.94463             
23.112              2.9517              
23.212              2.95939             
23.312              2.96655             
23.412              2.97452             
23.512              2.98206             
23.612              2.99023             
23.712              2.998               
23.812              3.00692             
23.916              3.01616             
24.016              3.02489             
24.116              3.0344              
24.216              3.04313             
24.316              3.05223             
24.416              3.06036             
24.516              3.06907             
24.616              3.07672             
24.716              3.08463             
24.816              3.09153             
24.916              3.09859             
25.016              3.10469             
25.116              3.11066             
25.216              3.11569             
25.316              3.12093             
25.416              3.12543             
25.516              3.12963             
25.616              3.13305             
25.716              3.13633             
25.816              3.13902             
25.916              3.14133             
26.016              3.14292             
26.12               3.1443              
26.22               3.1454              
26.32               3.14621             
26.42               3.14693             
26.52               3.14723             
26.62               3.14721             
26.72               3.14688             
26.82               3.14624             
26.92               3.14508             
27.02               3.14275             
27.12               3.13945             
27.22               3.13504             
27.32               3.13056             
27.42               3.12536             
27.52               3.12037             
27.62               3.11464             
27.72               3.10913             
27.82               3.10293             
27.92               3.09693             
28.02               3.09018             
28.12               3.08372             
28.224              3.0769              
28.324              3.07016             
28.424              3.06393             
28.524              3.05697             
28.624              3.0502              
28.724              3.04263             
28.824              3.03556             
28.924              3.02798             
29.02               3.02151             
29.12               3.01513             
29.22               3.00815             
29.32               3.00192             
29.42               2.99531             
29.52               2.98912             
29.62               2.98258             
29.72               2.97702             
29.82               2.97138             
29.92               2.96613             
30.02               2.96038             
30.12               2.95517             
30.22               2.94948             
30.32               2.94445             
30.424              2.93932             
30.524              2.93431             
30.624              2.92968             
30.724              2.92473             
30.824              2.92039             
30.924              2.91602             
31.024              2.9126              
31.124              2.9097              
31.224              2.90785             
31.324              2.9069              
31.424              2.9072              
31.524              2.90873             
31.624              2.91106             
31.724              2.91426             
31.824              2.91781             
31.924              2.9222              
32.024              2.92653             
32.124              2.93174             
32.224              2.93684             
32.324              2.94265             
32.424              2.94796             
32.524              2.95382             
32.624              2.95919             
32.728              2.96525             
32.828              2.9718              
32.928              2.97793             
33.028              2.9845              
33.128              2.99094             
33.228              2.99818             
33.328              3.00485             
33.428              3.01225             
33.528              3.01915             
33.628              3.02662             
33.728              3.0335              
33.828              3.04088             
33.928              3.04759             
34.028              3.05467             
34.128              3.06083             
34.228              3.06741             
34.328              3.07323             
34.428              3.07944             
34.528              3.0848              
34.628              3.09007             
34.728              3.09463             
34.828              3.09911             
34.932              3.10282             
35.032              3.10589             
35.132              3.10867             
35.232              3.11074             
35.332              3.113               
35.432              3.11479             
35.532              3.11593             
35.632              3.11635             
35.732              3.11615             
35.832              3.11507             
35.932              3.11277             
36.032              3.1095              
36.12               3.10561             
36.22               3.10013             
36.32               3.09442             
36.42               3.08711             
36.52               3.07939             
36.62               3.07033             
36.72               3.06147             
36.82               3.05136             
36.92               3.04134             
37.02               3.02978             
37.12               3.01872             
37.224              3.00674             
37.324              2.99498             
37.424              2.98441             
37.524              2.97319             
37.624              2.96326             
37.724              2.95312             
37.824              2.94449             
37.924              2.9358              
38.024              2.92845             
38.124              2.92111             
38.224              2.91484             
38.324              2.9087              
38.424              2.90358             
38.524              2.89856             
38.624              2.89466             
38.724              2.89144             
38.824              2.88904             
38.924              2.8874              
39.024              2.88627             
39.124              2.88559             
39.224              2.88581             
39.324              2.88686             
39.428              2.88918             
39.528              2.89225             
39.628              2.89651             
39.728              2.9009              
39.828              2.90655             
39.928              2.9126              
40.028              2.91975             
40.128              2.92691             
40.228              2.93483             
40.328              2.94257             
40.428              2.95162             
40.528              2.9602              
40.628              2.96957             
40.728              2.97823             
40.828              2.98755             
40.928              2.996               
41.028              3.00472             
41.128              3.01248             
41.228              3.02051             
41.328              3.02766             
41.428              3.03497             
41.528              3.04136             
41.632              3.04809             
41.732              3.05475             
41.832              3.06104             
41.932              3.06801             
42.032              3.07448             
42.132              3.08145             
42.232              3.08759             
42.332              3.09404             
42.432              3.09949             
42.532              3.10446             
42.632              3.10815             
42.732              3.11121             
42.832              3.11328             
42.932              3.11487             
43.032              3.1161              
43.132              3.11697             
43.228              3.11736             
43.328              3.11735             
43.428              3.11684             
43.528              3.11576             
43.628              3.11398             
43.728              3.11167             
43.828              3.10849             
43.932              3.10456             
44.032              3.10017             
44.132              3.09505             
44.232              3.09                
44.332              3.08428             
44.432              3.0788              
44.532              3.07274             
44.632              3.0669              
44.732              3.06038             
44.832              3.05441             
44.932              3.04792             
45.032              3.04178             
45.132              3.03497             
45.232              3.02844             
45.332              3.02106             
45.432              3.01405             
45.532              3.00646             
45.632              2.99942             
45.732              2.99177             
45.832              2.98438             
45.932              2.97637             
46.032              2.96869             
46.136              2.96004             
46.236              2.95147             
46.336              2.94359             
46.436              2.9352              
46.536              2.92782             
46.636              2.9202              
46.736              2.9136              
46.836              2.90715             
46.936              2.90207             
47.036              2.89738             
47.136              2.89366             
47.224              2.89069             
47.324              2.88815             
47.424              2.88657             
47.524              2.88557             
47.624              2.88512             
47.724              2.88526             
47.824              2.88581             
47.924              2.88729             
48.024              2.88943             
48.124              2.89231             
48.228              2.89556             
48.328              2.89977             
48.428              2.90482             
48.528              2.91004             
48.628              2.91606             
48.728              2.92195             
48.828              2.92863             
48.928              2.93517             
49.028              2.94255             
49.128              2.94944             
49.228              2.95697             
49.328              2.96419             
49.428              2.9722              
49.528              2.97966             
49.628              2.98763             
49.728              2.99474             
49.828              3.00223             
49.928              3.00908             
50.028              3.01646             
50.128              3.02277             
50.228              3.02904             
50.328              3.03448             
50.432              3.04                
50.532              3.04548             
50.632              3.05033             
50.732              3.05559             
50.832              3.06056             
50.932              3.06576             
51.032              3.07013             
51.132              3.0744              
51.232              3.07783             
51.332              3.08115             
51.432              3.08411             
51.532              3.0875              
51.632              3.0905              
51.732              3.09324             
51.832              3.09507             
51.932              3.09645             
52.032              3.0972              
52.132              3.09733             
52.232              3.09678             
52.332              3.09508             
52.432              3.09221             
52.532              3.08786             
52.636              3.08304             
52.736              3.07726             
52.836              3.071               
52.936              3.0646              
53.036              3.05688             
53.136              3.04935             
53.236              3.04069             
53.336              3.03207             
53.436              3.02216             
53.536              3.01275             
53.636              3.00245             
53.736              2.99269             
53.836              2.98197             
53.936              2.97202             
54.036              2.96135             
54.136              2.9519              
54.236              2.94199             
54.336              2.93284             
54.436              2.92324             
54.536              2.91489             
54.632              2.90688             
54.732              2.89862             
54.836              2.89187             
54.936              2.88558             
55.036              2.87991             
55.136              2.87553             
55.236              2.87185             
55.336              2.86904             
55.436              2.86649             
55.536              2.86439             
55.636              2.86235             
55.736              2.86058             
55.836              2.85894             
55.936              2.85793             
56.036              2.85756             
56.136              2.85795             
56.236              2.85907             
56.336              2.86088             
56.436              2.86395             
56.536              2.8675              
56.636              2.87192             
56.736              2.87629             
56.836              2.88119             
56.936              2.88593             
57.036              2.8917              
57.14               2.89762             
57.24               2.90279             
57.34               2.90838             
57.44               2.91353             
57.54               2.91902             
57.64               2.92396             
57.74               2.92895             
57.84               2.93338             
57.94               2.93831             
58.04               2.94293             
58.14               2.94784             
58.24               2.95237             
58.34               2.95718             
58.44               2.96194             
58.54               2.96715             
58.64               2.97191             
58.74               2.97677             
58.84               2.98112             
58.94               2.98603             
59.04               2.99093             
59.14               2.99679             
59.24               3.00238             
59.34               3.0083              
59.444              3.01401             
59.544              3.01926             
59.644              3.02483             
59.744              3.03012             
59.844              3.03603             
59.944              3.04165             
60.044              3.04737             
60.144              3.0527              
60.244              3.05806             
60.344              3.06255             
60.444              3.06744             
60.544              3.07171             
60.644              3.07597             
60.744              3.07968             
60.844              3.08349             
60.944              3.08662             
61.044              3.08954             
61.144              3.09189             
61.244              3.09429             
61.344              3.09603             
61.444              3.09742             
61.544              3.09805             
61.644              3.09785             
61.748              3.0969              
61.848              3.09528             
61.94               3.09314             
62.04               3.09021             
62.14               3.08583             
62.24               3.08081             
62.34               3.07458             
62.44               3.06857             
62.54               3.0617              
62.64               3.05496             
62.74               3.04728             
62.84               3.03978             
62.94               3.0314              
63.04               3.02337             
63.14               3.0143              
63.24               3.00608             
63.34               2.99771             
63.44               2.99028             
63.54               2.98246             
63.64               2.97545             
63.74               2.96776             
63.84               2.96091             
63.944              2.95394             
64.044              2.94732             
64.144              2.94162             
64.244              2.93589             
64.344              2.93129             
64.444              2.9266              
64.544              2.92244             
64.644              2.91823             
64.744              2.91457             
64.844              2.91086             
64.944              2.90768             
65.044              2.90432             
65.144              2.9016              
65.244              2.89923             
65.344              2.89773             
65.444              2.89695             
65.544              2.89725             
65.644              2.89879             
65.744              2.90127             
65.844              2.90482             
65.944              2.90859             
66.044              2.91326             
66.148              2.91822             
66.248              2.92452             
66.348              2.9316              
66.448              2.93896             
66.548              2.94808             
66.648              2.95703             
66.748              2.96709             
66.848              2.97678             
66.948              2.98789             
67.048              2.99861             
67.148              3.01051             
67.248              3.02187             
67.348              3.03425             
67.448              3.04559             
67.548              3.05767             
67.648              3.06858             
67.748              3.07994             
67.848              3.09005             
67.948              3.10072             
68.048              3.10999             
68.148              3.11924             
68.248              3.12696             
68.352              3.13417             
68.452              3.14007             
68.552              3.14464             
68.652              3.14871             
68.752              3.15172             
68.852              3.15414             
68.952              3.15517             
69.052              3.15525             
69.152              3.15454             
69.252              3.15279             
69.352              3.15028             
69.452              3.14657             
69.552              3.14259             
69.644              3.13838             
69.744              3.13408             
69.844              3.12908             
69.944              3.12397             
70.044              3.11788             
70.144              3.11157             
70.244              3.10429             
70.344              3.0976              
70.444              3.09009             
70.548              3.08177             
70.648              3.07362             
70.748              3.06453             
70.848              3.05606             
70.948              3.04676             
71.048              3.038               
71.148              3.02833             
71.248              3.01913             
71.348              3.00907             
71.448              3.0001              
71.548              2.99058             
71.648              2.98202             
71.748              2.97292             
71.848              2.96462             
71.948              2.95628             
72.048              2.94893             
72.148              2.94177             
72.248              2.93559             
72.348              2.92901             
72.448              2.923               
72.548              2.91642             
72.648              2.91042             
72.748              2.90401             
72.852              2.89775             
72.952              2.8923              
73.052              2.88695             
73.152              2.88216             
73.252              2.87683             
73.352              2.87192             
73.452              2.867               
73.552              2.86279             
73.652              2.85857             
73.752              2.85503             
73.852              2.85156             
73.952              2.84856             
74.052              2.84556             
74.152              2.84316             
74.252              2.84113             
74.352              2.83973             
74.452              2.83885             
74.552              2.83863             
74.652              2.83927             
74.752              2.84058             
74.852              2.84296             
74.952              2.84596             
75.056              2.8505              
75.156              2.85624             
75.256              2.86226             
75.356              2.86995             
75.456              2.87813             
75.556              2.88808             
75.656              2.89804             
75.756              2.90937             
75.856              2.92042             
75.956              2.93338             
76.056              2.94593             
76.156              2.95991             
76.256              2.97315             
76.356              2.98796             
76.456              3.00203             
76.556              3.01757             
76.656              3.0321              
76.756              3.04803             
76.856              3.06281             
76.956              3.07862             
77.056              3.09241             
77.156              3.10681             
77.256              3.11973             
77.36               3.1329              
77.46               3.14516             
77.56               3.15571             
77.66               3.1659              
77.76               3.17412             
77.86               3.18174             
77.96               3.18775             
78.06               3.19312             
78.16               3.19695             
78.26               3.19966             
78.36               3.20105             
78.46               3.20134             
78.56               3.2004              
78.656              3.19844             
78.756              3.19519             
78.856              3.19133             
78.956              3.18596             
79.056              3.18006             
79.156              3.17297             
79.256              3.16574             
79.356              3.15739             
79.456              3.14879             
79.556              3.13842             
79.656              3.12837             
79.76               3.11728             
79.86               3.10602             
79.96               3.09555             
80.06               3.08431             
80.16               3.07387             
80.26               3.06312             
80.36               3.05327             
80.46               3.04253             
80.56               3.03262             
80.66               3.02181             
80.76               3.01173             
80.86               3.00087             
80.96               2.99101             
81.06               2.98068             
81.16               2.97133             
81.26               2.96118             
81.36               2.95204             
81.46               2.94284             
81.56               2.93496             
81.66               2.92683             
81.76               2.91974             
81.86               2.91246             
81.964              2.90582             
82.064              2.90039             
82.164              2.89531             
82.264              2.891               
82.364              2.88659             
82.464              2.88323             
82.564              2.88047             
82.664              2.87897             
82.764              2.87829             
82.864              2.8788              
82.964              2.88079             
83.064              2.88365             
83.164              2.88757             
83.264              2.89194             
83.364              2.89753             
83.464              2.90352             
83.564              2.91051             
83.664              2.91766             
83.764              2.92601             
83.864              2.93414             
83.964              2.94327             
84.064              2.95201             
84.168              2.96199             
84.268              2.97222             
84.368              2.98163             
84.468              2.9918              
84.568              3.00123             
84.668              3.01136             
84.768              3.02063             
84.868              3.03066             
84.968              3.04021             
85.068              3.05039             
85.168              3.05957             
85.268              3.06906             
85.368              3.0774              
85.468              3.08542             
85.568              3.09203             
85.668              3.09873             
85.768              3.1044              
85.868              3.11                
85.968              3.1147              
86.068              3.11923             
86.168              3.12295             
86.268              3.12659             
86.368              3.12969             
86.472              3.1325              
86.572              3.13479             
86.672              3.1366              
86.772              3.13831             
86.872              3.13935             
86.972              3.14013             
87.072              3.14095             
87.172              3.14148             
87.272              3.14149             
87.372              3.14093             
87.472              3.14004             
87.572              3.13892             
87.672              3.13769             
87.772              3.13585             
87.872              3.13349             
87.96               3.13042             
88.06               3.12604             
88.16               3.12158             
88.26               3.116               
88.36               3.11013             
88.46               3.10242             
88.56               3.09405             
88.66               3.08381             
88.764              3.07238             
88.864              3.06092             
88.964              3.04761             
89.064              3.03494             
89.164              3.02052             
89.264              3.00702             
89.364              2.99242             
89.464              2.97908             
89.564              2.96472             
89.664              2.95136             
89.764              2.93694             
89.864              2.92361             
89.964              2.9094              
90.064              2.89684             
90.164              2.88377             
90.264              2.87236             
90.364              2.86078             
90.464              2.85071             
90.564              2.84033             
90.664              2.83158             
90.764              2.82326             
90.864              2.81684             
90.964              2.81155             
91.068              2.80794             
91.168              2.80609             
91.268              2.80532             
91.368              2.80558             
91.468              2.80712             
91.568              2.80968             
91.668              2.81369             
91.768              2.8189              
91.868              2.82611             
91.968              2.83426             
92.068              2.84444             
92.168              2.85454             
92.268              2.86608             
92.368              2.8776              
92.468              2.89112             
92.568              2.90412             
92.668              2.91835             
92.768              2.93138             
92.868              2.94534             
92.968              2.95826             
93.068              2.97201             
93.168              2.98456             
93.272              2.99799             
93.372              3.01089             
93.472              3.02241             
93.572              3.03475             
93.672              3.04587             
93.772              3.05722             
93.872              3.06691             
93.972              3.07647             
94.072              3.08447             
94.172              3.09218             
94.272              3.09839             
94.372              3.10433             
94.472              3.10906             
94.572              3.11322             
94.672              3.11609             
94.772              3.1182              
94.872              3.11921             
94.972              3.11912             
95.072              3.11826             
95.172              3.11669             
95.272              3.11439             
95.372              3.11091             
95.472              3.10711             
95.576              3.10272             
95.676              3.09787             
95.776              3.09294             
95.876              3.08723             
95.976              3.08168             
96.076              3.07539             
96.176              3.06965             
96.276              3.06302             
96.376              3.05636             
96.476              3.04874             
96.576              3.0414              
96.676              3.03356             
96.776              3.02667             
96.876              3.01919             
96.976              3.01217             
97.076              3.00459             
97.176              2.99751             
97.276              2.98967             
97.376              2.98209             
97.476              2.97353             
97.576              2.96535             
97.672              2.95744             
97.772              2.94919             
97.872              2.94183             
97.972              2.93436             
98.072              2.92777             
98.172              2.92064             
98.272              2.91391             
98.372              2.90669             
98.472              2.89984             
98.572              2.8925              
98.672              2.88613             
98.772              2.87972             
98.872              2.87418             
98.972              2.86843             
99.072              2.86339             
99.172              2.85847             
99.272              2.85435             
99.372              2.8504              
99.472              2.84719             
99.572              2.84417             
99.672              2.84205             
99.772              2.84053             
99.872              2.83994             
99.976              2.84037             
100.076             2.84206             
100.176             2.84445             
100.276             2.84795             
100.376             2.85198             
100.476             2.85727             
100.576             2.86294             
100.676             2.86991             
100.776             2.87697             
100.876             2.88541             
100.976             2.89405             
101.076             2.90418             
101.176             2.91435             
101.276             2.92624             
101.376             2.93793             
101.476             2.95088             
101.576             2.9629              
101.676             2.97549             
101.776             2.98684             
101.876             2.99925             
101.976             3.01102             
102.076             3.02388             
