0                   1                   
0.1                 0.997785            
0.2                 0.992643            
0.3                 1.00976             
0.4                 1.06404             
0.5                 1.15202             
0.6                 1.28053             
0.7                 1.43427             
0.8                 1.62141             
0.904               1.8222              
1.004               2.04597             
1.104               2.28005             
1.204               2.50923             
1.304               2.74371             
1.404               2.96442             
1.504               3.18149             
1.604               3.37969             
1.704               3.5688              
1.804               3.73716             
1.904               3.89442             
2.004               4.03129             
2.096               4.1565              
2.196               4.25848             
2.296               4.35262             
2.396               4.42796             
2.496               4.49094             
2.596               4.53556             
2.696               4.56813             
2.796               4.5836              
2.896               4.58774             
2.996               4.57609             
3.096               4.55416             
3.196               4.51822             
3.296               4.4738              
3.396               4.41739             
3.496               4.35472             
3.596               4.28222             
3.696               4.20582             
3.8                 4.1221              
3.9                 4.03644             
4                   3.94776             
4.1                 3.85525             
4.2                 3.76413             
4.3                 3.67121             
4.4                 3.58141             
4.5                 3.49136             
4.6                 3.406               
4.7                 3.32175             
4.8                 3.24332             
4.9                 3.16737             
5                   3.09819             
5.1                 3.03261             
5.2                 2.97442             
5.3                 2.92015             
5.4                 2.87336             
5.5                 2.83075             
5.6                 2.7954              
5.7                 2.76454             
5.8                 2.74075             
5.9                 2.72136             
6                   2.70833             
6.104               2.69919             
6.204               2.69598             
6.304               2.69736             
6.404               2.70192             
6.504               2.71128             
6.604               2.72329             
6.704               2.73899             
6.804               2.75675             
6.904               2.77747             
7.004               2.79946             
7.104               2.82335             
7.204               2.84784             
7.304               2.87331             
7.404               2.89848             
7.504               2.92376             
7.604               2.9482              
7.704               2.97232             
7.804               2.99537             
7.904               3.01779             
8.004               3.03883             
8.104               3.05868             
8.204               3.0769              
8.304               3.09367             
8.408               3.10865             
8.508               3.12191             
8.608               3.13348             
8.708               3.14326             
8.808               3.15114             
8.908               3.15686             
9.008               3.16067             
9.108               3.16279             
9.204               3.16327             
9.304               3.16235             
9.404               3.16025             
9.504               3.15679             
9.604               3.15209             
9.704               3.14605             
9.804               3.13927             
9.904               3.1316              
10.004              3.12342             
10.104              3.11482             
10.204              3.10586             
10.304              3.09645             
10.404              3.08676             
10.504              3.07696             
10.608              3.06703             
10.708              3.05718             
10.808              3.04748             
10.908              3.03824             
11.008              3.02954             
11.108              3.02149             
11.208              3.01383             
11.308              3.00651             
11.408              2.99962             
11.508              2.99305             
11.608              2.98689             
11.708              2.98095             
11.808              2.97559             
11.908              2.97054             
12.008              2.96611             
12.108              2.96201             
12.208              2.95821             
12.308              2.95468             
12.408              2.95141             
12.508              2.94819             
12.608              2.94548             
12.708              2.943               
12.812              2.94081             
12.912              2.93882             
13.012              2.93701             
13.112              2.93552             
13.212              2.93446             
13.312              2.93397             
13.412              2.93379             
13.512              2.93397             
13.612              2.93467             
13.712              2.93581             
13.812              2.93739             
13.912              2.93958             
14.012              2.94227             
14.112              2.94581             
14.212              2.94997             
14.312              2.95467             
14.412              2.95973             
14.508              2.96518             
14.608              2.97113             
14.708              2.9774              
14.808              2.98405             
14.908              2.99081             
15.012              2.99776             
15.112              3.00468             
15.212              3.01179             
15.312              3.01886             
15.412              3.02593             
15.512              3.03288             
15.612              3.03978             
15.712              3.04658             
15.812              3.05308             
15.912              3.05928             
16.012              3.06501             
16.112              3.07038             
16.212              3.07528             
16.312              3.07978             
16.412              3.08372             
16.512              3.08725             
16.612              3.09027             
16.712              3.09267             
16.812              3.09462             
16.912              3.09621             
17.012              3.09735             
17.112              3.09834             
17.212              3.09883             
17.316              3.09913             
17.416              3.09913             
17.516              3.0989              
17.616              3.09839             
17.716              3.09756             
17.816              3.09634             
17.916              3.09468             
18.016              3.0926              
18.116              3.09009             
18.216              3.08736             
18.316              3.08437             
18.416              3.08129             
18.516              3.07805             
18.616              3.07455             
18.716              3.07065             
18.816              3.06627             
18.916              3.06159             
19.016              3.0567              
19.116              3.05133             
19.216              3.04569             
19.316              3.0398              
19.42               3.03367             
19.52               3.02742             
19.62               3.02088             
19.72               3.014               
19.82               3.00697             
19.92               2.99974             
20.02               2.99249             
20.12               2.98515             
20.22               2.97782             
20.32               2.97066             
20.42               2.96345             
20.52               2.95636             
20.62               2.94936             
20.72               2.94284             
20.82               2.93665             
20.92               2.93106             
21.02               2.92582             
21.12               2.92117             
21.22               2.91693             
21.32               2.91315             
21.42               2.9099              
21.52               2.90696             
21.624              2.90455             
21.724              2.90258             
21.812              2.90113             
21.912              2.90048             
22.012              2.90041             
22.112              2.90089             
22.212              2.90209             
22.312              2.904               
22.412              2.90645             
22.512              2.90972             
22.612              2.91366             
22.712              2.91829             
22.812              2.92355             
22.912              2.9293              
23.012              2.93548             
23.112              2.94194             
23.212              2.9485              
23.312              2.95522             
23.412              2.96204             
23.512              2.96932             
23.612              2.97678             
23.712              2.98434             
23.812              2.99218             
23.916              3.00022             
24.016              3.00863             
24.116              3.01702             
24.216              3.02567             
24.316              3.0342              
24.416              3.04266             
24.516              3.05103             
24.616              3.05927             
24.716              3.06706             
24.816              3.07456             
24.916              3.08162             
25.016              3.0883              
25.116              3.09449             
25.216              3.1001              
25.316              3.1053              
25.416              3.11006             
25.516              3.11427             
25.616              3.11803             
25.716              3.12124             
25.816              3.12408             
25.916              3.12636             
26.016              3.12805             
26.12               3.1292              
26.22               3.1298              
26.32               3.13002             
26.42               3.12972             
26.52               3.12928             
26.62               3.12838             
26.72               3.12723             
26.82               3.12566             
26.92               3.12388             
27.02               3.12148             
27.12               3.11855             
27.22               3.11497             
27.32               3.11112             
27.42               3.10682             
27.52               3.10226             
27.62               3.09734             
27.72               3.09228             
27.82               3.08684             
27.92               3.08124             
28.02               3.07534             
28.12               3.0692              
28.224              3.06283             
28.324              3.05649             
28.424              3.04994             
28.524              3.04314             
28.624              3.03633             
28.724              3.02924             
28.824              3.02242             
28.924              3.01553             
29.02               3.00879             
29.12               3.00197             
29.22               2.99518             
29.32               2.98852             
29.42               2.98186             
29.52               2.97542             
29.62               2.96908             
29.72               2.96334             
29.82               2.95775             
29.92               2.95238             
30.02               2.94681             
30.12               2.94139             
30.22               2.93612             
30.32               2.93137             
30.424              2.92686             
30.524              2.92298             
30.624              2.91934             
30.724              2.91592             
30.824              2.91284             
30.924              2.90984             
31.024              2.90728             
31.124              2.90528             
31.224              2.9039              
31.324              2.90304             
31.424              2.90315             
31.524              2.90401             
31.624              2.90592             
31.724              2.90872             
31.824              2.91236             
31.924              2.91671             
32.024              2.92166             
32.124              2.92716             
32.224              2.93326             
32.324              2.93975             
32.424              2.94657             
32.524              2.95354             
32.624              2.96075             
32.728              2.96801             
32.828              2.97538             
32.928              2.98292             
33.028              2.99049             
33.128              2.99797             
33.228              3.00548             
33.328              3.01288             
33.428              3.02041             
33.528              3.02764             
33.628              3.03492             
33.728              3.04183             
33.828              3.0486              
33.928              3.05505             
34.028              3.06117             
34.128              3.06691             
34.228              3.07246             
34.328              3.07778             
34.428              3.08291             
34.528              3.08761             
34.628              3.092               
34.728              3.09581             
34.828              3.09912             
34.932              3.10208             
35.032              3.10449             
35.132              3.10633             
35.232              3.10757             
35.332              3.10846             
35.432              3.10898             
35.532              3.10889             
35.632              3.10832             
35.732              3.10713             
35.832              3.1052              
35.932              3.10244             
36.032              3.09884             
36.12               3.09432             
36.22               3.08898             
36.32               3.08299             
36.42               3.07649             
36.52               3.06952             
36.62               3.06201             
36.72               3.05428             
36.82               3.04604             
36.92               3.03741             
37.02               3.02834             
37.12               3.01897             
37.224              3.00949             
37.324              2.9998              
37.424              2.98987             
37.524              2.98                
37.624              2.97047             
37.724              2.96122             
37.824              2.95239             
37.924              2.94395             
38.024              2.93613             
38.124              2.92889             
38.224              2.92236             
38.324              2.91633             
38.424              2.91069             
38.524              2.90542             
38.624              2.90084             
38.724              2.89698             
38.824              2.89376             
38.924              2.89128             
39.024              2.88954             
39.124              2.88848             
39.224              2.88815             
39.324              2.88843             
39.428              2.88943             
39.528              2.89133             
39.628              2.89421             
39.728              2.89787             
39.828              2.90238             
39.928              2.90778             
40.028              2.91386             
40.128              2.92067             
40.228              2.9276              
40.328              2.93492             
40.428              2.94244             
40.528              2.95027             
40.628              2.95825             
40.728              2.96654             
40.828              2.97499             
40.928              2.98362             
41.028              2.99233             
41.128              3.00098             
41.228              3.00962             
41.328              3.01821             
41.428              3.02671             
41.528              3.03484             
41.632              3.04237             
41.732              3.04951             
41.832              3.0561              
41.932              3.06238             
42.032              3.06837             
42.132              3.07402             
42.232              3.07944             
42.332              3.0847              
42.432              3.08965             
42.532              3.09414             
42.632              3.09819             
42.732              3.10168             
42.832              3.10437             
42.932              3.10636             
43.032              3.10792             
43.132              3.109               
43.228              3.10966             
43.328              3.10964             
43.428              3.10913             
43.528              3.108               
43.628              3.10638             
43.728              3.10415             
43.828              3.10135             
43.932              3.09819             
44.032              3.09444             
44.132              3.09035             
44.232              3.08599             
44.332              3.08144             
44.432              3.07674             
44.532              3.0718              
44.632              3.06651             
44.732              3.061               
44.832              3.05525             
44.932              3.04945             
45.032              3.04364             
45.132              3.03777             
45.232              3.03186             
45.332              3.02591             
45.432              3.01973             
45.532              3.0133              
45.632              3.00689             
45.732              3.00035             
45.832              2.99361             
45.932              2.98666             
46.032              2.97961             
46.136              2.97241             
46.236              2.96506             
46.336              2.95764             
46.436              2.95037             
46.536              2.9433              
46.636              2.93643             
46.736              2.92976             
46.836              2.9235              
46.936              2.91757             
47.036              2.91215             
47.136              2.90725             
47.224              2.90289             
47.324              2.89925             
47.424              2.89629             
47.524              2.894               
47.624              2.89235             
47.724              2.89136             
47.824              2.89085             
47.924              2.89105             
48.024              2.89186             
48.124              2.8933              
48.228              2.89542             
48.328              2.89827             
48.428              2.90181             
48.528              2.90587             
48.628              2.9104              
48.728              2.91555             
48.828              2.92112             
48.928              2.92698             
49.028              2.93317             
49.128              2.93978             
49.228              2.94656             
49.328              2.95359             
49.428              2.96091             
49.528              2.96863             
49.628              2.97626             
49.728              2.98404             
49.828              2.99174             
49.928              2.99938             
50.028              3.00708             
50.128              3.01466             
50.228              3.02196             
50.328              3.02911             
50.432              3.03594             
50.532              3.04241             
50.632              3.04857             
50.732              3.05433             
50.832              3.05996             
50.932              3.0653              
51.032              3.07015             
51.132              3.0746              
51.232              3.07846             
51.332              3.08173             
51.432              3.08462             
51.532              3.0873              
51.632              3.08984             
51.732              3.09214             
51.832              3.09407             
51.932              3.09555             
52.032              3.09651             
52.132              3.09709             
52.232              3.09704             
52.332              3.09647             
52.432              3.09491             
52.532              3.09259             
52.636              3.08908             
52.736              3.08477             
52.836              3.07971             
52.936              3.07397             
53.036              3.06758             
53.136              3.06066             
53.236              3.05343             
53.336              3.04569             
53.436              3.03755             
53.536              3.02909             
53.636              3.02059             
53.736              3.01196             
53.836              3.00329             
53.936              2.99446             
54.036              2.98566             
54.136              2.97676             
54.236              2.96816             
54.336              2.95948             
54.436              2.95106             
54.536              2.94276             
54.632              2.93484             
54.732              2.92726             
54.836              2.91983             
54.936              2.91297             
55.036              2.90667             
55.136              2.90101             
55.236              2.89614             
55.336              2.89194             
55.436              2.88833             
55.536              2.88505             
55.636              2.88231             
55.736              2.87995             
55.836              2.87814             
55.936              2.87658             
56.036              2.87563             
56.136              2.87535             
56.236              2.8756              
56.336              2.87624             
56.436              2.87753             
56.536              2.87946             
56.636              2.88208             
56.736              2.88511             
56.836              2.88855             
56.936              2.89232             
57.036              2.8964              
57.14               2.90071             
57.24               2.90488             
57.34               2.90915             
57.44               2.91341             
57.54               2.91785             
57.64               2.92224             
57.74               2.92668             
57.84               2.93107             
57.94               2.93552             
58.04               2.94016             
58.14               2.94501             
58.24               2.95014             
58.34               2.95549             
58.44               2.96084             
58.54               2.96642             
58.64               2.97226             
58.74               2.97811             
58.84               2.98412             
58.94               2.99019             
59.04               2.99631             
59.14               3.00247             
59.24               3.00869             
59.34               3.01493             
59.444              3.02106             
59.544              3.02718             
59.644              3.03337             
59.744              3.03937             
59.844              3.04521             
59.944              3.05089             
60.044              3.05646             
60.144              3.06166             
60.244              3.06668             
60.344              3.07114             
60.444              3.07538             
60.544              3.079               
60.644              3.08211             
60.744              3.08471             
60.844              3.08715             
60.944              3.0891              
61.044              3.09065             
61.144              3.09159             
61.244              3.09207             
61.344              3.09204             
61.444              3.09155             
61.544              3.09068             
61.644              3.08944             
61.748              3.08779             
61.848              3.08554             
61.94               3.08288             
62.04               3.0797              
62.14               3.0759              
62.24               3.07155             
62.34               3.0666              
62.44               3.06117             
62.54               3.05512             
62.64               3.04859             
62.74               3.04163             
62.84               3.03443             
62.94               3.02684             
63.04               3.01887             
63.14               3.01055             
63.24               3.00217             
63.34               2.99381             
63.44               2.9856              
63.54               2.97741             
63.64               2.96939             
63.74               2.96148             
63.84               2.95386             
63.944              2.94656             
64.044              2.93961             
64.144              2.93288             
64.244              2.92651             
64.344              2.92085             
64.444              2.91561             
64.544              2.91102             
64.644              2.90678             
64.744              2.90306             
64.844              2.89966             
64.944              2.89674             
65.044              2.89422             
65.144              2.89231             
65.244              2.89089             
65.344              2.89009             
65.444              2.88974             
65.544              2.89007             
65.644              2.89129             
65.744              2.89362             
65.844              2.89683             
65.944              2.90063             
66.044              2.90509             
66.148              2.91007             
66.248              2.91564             
66.348              2.92184             
66.448              2.92869             
66.548              2.93623             
66.648              2.94453             
66.748              2.95323             
66.848              2.96255             
66.948              2.97226             
67.048              2.98245             
67.148              2.99294             
67.248              3.004               
67.348              3.01521             
67.448              3.02658             
67.548              3.03771             
67.648              3.04868             
67.748              3.05916             
67.848              3.06922             
67.948              3.07888             
68.048              3.08791             
68.148              3.09635             
68.248              3.1042              
68.352              3.11113             
68.452              3.11721             
68.552              3.12223             
68.652              3.12619             
68.752              3.12929             
68.852              3.13153             
68.952              3.133               
69.052              3.1336              
69.152              3.13356             
69.252              3.13269             
69.352              3.13135             
69.452              3.12924             
69.552              3.12672             
69.644              3.12365             
69.744              3.12007             
69.844              3.11589             
69.944              3.1113              
70.044              3.10623             
70.144              3.10099             
70.244              3.09539             
70.344              3.08955             
70.444              3.08323             
70.548              3.07639             
70.648              3.06916             
70.748              3.06163             
70.848              3.05415             
70.948              3.04657             
71.048              3.03878             
71.148              3.03078             
71.248              3.02258             
71.348              3.01415             
71.448              3.00584             
71.548              2.99751             
71.648              2.98938             
71.748              2.98121             
71.848              2.97315             
71.948              2.96535             
72.048              2.95774             
72.148              2.9506              
72.248              2.94379             
72.348              2.93718             
72.448              2.93087             
72.548              2.92486             
72.648              2.91899             
72.748              2.91347             
72.852              2.90799             
72.952              2.90266             
73.052              2.89768             
73.152              2.89296             
73.252              2.88849             
73.352              2.8844              
73.452              2.88068             
73.552              2.8774              
73.652              2.87456             
73.752              2.87184             
73.852              2.86942             
73.952              2.86703             
74.052              2.86469             
74.152              2.86252             
74.252              2.86067             
74.352              2.85925             
74.452              2.85867             
74.552              2.85856             
74.652              2.85919             
74.752              2.86042             
74.852              2.86247             
74.952              2.86537             
75.056              2.8693              
75.156              2.87411             
75.256              2.87978             
75.356              2.88645             
75.456              2.89381             
75.556              2.90208             
75.656              2.91125             
75.756              2.92125             
75.856              2.93168             
75.956              2.94296             
76.056              2.95463             
76.156              2.96675             
76.256              2.97899             
76.356              2.99166             
76.456              3.00441             
76.556              3.01738             
76.656              3.03019             
76.756              3.04305             
76.856              3.05583             
76.956              3.06865             
77.056              3.08115             
77.156              3.09329             
77.256              3.10502             
77.36               3.11613             
77.46               3.1263              
77.56               3.13586             
77.66               3.14473             
77.76               3.15292             
77.86               3.16018             
77.96               3.16651             
78.06               3.17182             
78.16               3.17607             
78.26               3.17926             
78.36               3.18155             
78.46               3.1827              
78.56               3.18287             
78.656              3.18189             
78.756              3.17987             
78.856              3.17673             
78.956              3.17246             
79.056              3.16711             
79.156              3.16074             
79.256              3.15366             
79.356              3.14596             
79.456              3.13764             
79.556              3.12853             
79.656              3.11874             
79.76               3.10837             
79.86               3.09774             
79.96               3.08692             
80.06               3.07595             
80.16               3.06507             
80.26               3.05429             
80.36               3.04392             
80.46               3.03361             
80.56               3.02346             
80.66               3.01324             
80.76               3.00319             
80.86               2.99333             
80.96               2.9837              
81.06               2.97411             
81.16               2.96474             
81.26               2.95539             
81.36               2.94637             
81.46               2.93756             
81.56               2.92934             
81.66               2.92174             
81.76               2.91478             
81.86               2.90825             
81.964              2.90229             
82.064              2.89692             
82.164              2.89227             
82.264              2.88824             
82.364              2.88478             
82.464              2.88192             
82.564              2.8795              
82.664              2.87777             
82.764              2.87659             
82.864              2.87611             
82.964              2.87628             
83.064              2.87729             
83.164              2.87928             
83.264              2.88239             
83.364              2.88627             
83.464              2.89131             
83.564              2.89723             
83.664              2.90405             
83.764              2.91159             
83.864              2.91992             
83.964              2.9287              
84.064              2.93794             
84.168              2.94756             
84.268              2.9576              
84.368              2.96772             
84.468              2.97791             
84.568              2.98826             
84.668              2.99854             
84.768              3.00893             
84.868              3.0192              
84.968              3.02923             
85.068              3.03893             
85.168              3.04854             
85.268              3.05792             
85.368              3.06689             
85.468              3.07507             
85.568              3.08269             
85.668              3.08979             
85.768              3.09634             
85.868              3.10238             
85.968              3.10795             
86.068              3.11304             
86.168              3.11757             
86.268              3.12157             
86.368              3.12524             
86.472              3.1284              
86.572              3.13113             
86.672              3.13327             
86.772              3.13481             
86.872              3.13571             
86.972              3.13603             
87.072              3.13582             
87.172              3.13521             
87.272              3.13408             
87.372              3.13243             
87.472              3.13033             
87.572              3.12784             
87.672              3.12499             
87.772              3.12173             
87.872              3.11808             
87.96               3.11385             
88.06               3.10894             
88.16               3.10376             
88.26               3.09802             
88.36               3.09202             
88.46               3.08546             
88.56               3.07833             
88.66               3.0702              
88.764              3.06135             
88.864              3.05166             
88.964              3.04117             
89.064              3.03024             
89.164              3.01859             
89.264              3.00664             
89.364              2.99439             
89.464              2.98203             
89.564              2.96979             
89.664              2.95746             
89.764              2.94512             
89.864              2.933               
89.964              2.92099             
90.064              2.90937             
90.164              2.89834             
90.264              2.88792             
90.364              2.8781              
90.464              2.86881             
90.564              2.86036             
90.664              2.85252             
90.764              2.84564             
90.864              2.83962             
90.964              2.83469             
91.068              2.8308              
91.168              2.82812             
91.268              2.82666             
91.368              2.82628             
91.468              2.82705             
91.568              2.82886             
91.668              2.83193             
91.768              2.83598             
91.868              2.84143             
91.968              2.8481              
92.068              2.85615             
92.168              2.86507             
92.268              2.87495             
92.368              2.88548             
92.468              2.89673             
92.568              2.90848             
92.668              2.92079             
92.768              2.93321             
92.868              2.94577             
92.968              2.95819             
93.068              2.97068             
93.168              2.98318             
93.272              2.99573             
93.372              3.00781             
93.472              3.01951             
93.572              3.03091             
93.672              3.0419              
93.772              3.05245             
93.872              3.06233             
93.972              3.0715              
94.072              3.07986             
94.172              3.08755             
94.272              3.0946              
94.372              3.10101             
94.472              3.10676             
94.572              3.1117              
94.672              3.11597             
94.772              3.11968             
94.872              3.12262             
94.972              3.1246              
95.072              3.12563             
95.172              3.12572             
95.272              3.12489             
95.372              3.12319             
95.472              3.12062             
95.576              3.11757             
95.676              3.11384             
95.776              3.10958             
95.876              3.10493             
95.976              3.09978             
96.076              3.09445             
96.176              3.08891             
96.276              3.08312             
96.376              3.07676             
96.476              3.07033             
96.576              3.06363             
96.676              3.0569              
96.776              3.05012             
96.876              3.04342             
96.976              3.03661             
97.076              3.02988             
97.176              3.02292             
97.276              3.01603             
97.376              3.00878             
97.476              3.00115             
97.576              2.99302             
97.672              2.98484             
97.772              2.97676             
97.872              2.96861             
97.972              2.96066             
98.072              2.95288             
98.172              2.94525             
98.272              2.93749             
98.372              2.93006             
98.472              2.92275             
98.572              2.91584             
98.672              2.90917             
98.772              2.90288             
98.872              2.89679             
98.972              2.89122             
99.072              2.88583             
99.172              2.88087             
99.272              2.87626             
99.372              2.87236             
99.472              2.86896             
99.572              2.86615             
99.672              2.86392             
99.772              2.86238             
99.872              2.86143             
99.976              2.86142             
100.076             2.86216             
100.176             2.86371             
100.276             2.86629             
100.376             2.86962             
100.476             2.87385             
100.576             2.87872             
100.676             2.88448             
100.776             2.89098             
100.876             2.89834             
100.976             2.90641             
101.076             2.91522             
101.176             2.92473             
101.276             2.93484             
101.376             2.9455              
101.476             2.95674             
101.576             2.96808             
101.676             2.97969             
101.776             2.9912              
101.876             3.0027              
101.976             3.01404             
102.076             3.02541             
