0                   2.68189             
0.1                 2.67759             
0.2                 2.67813             
0.3                 2.67027             
0.4                 2.64216             
0.5                 2.60073             
0.6                 2.53009             
0.7                 2.45384             
0.8                 2.35046             
0.904               2.25203             
1.004               2.14063             
1.104               2.01738             
1.204               1.91378             
1.304               1.79799             
1.404               1.7066              
1.504               1.60751             
1.604               1.53351             
1.704               1.45432             
1.804               1.39865             
1.904               1.33787             
2.004               1.29573             
2.096               1.241               
2.196               1.20961             
2.296               1.16766             
2.396               1.13404             
2.496               1.09518             
2.596               1.0609              
2.696               1.02354             
2.796               0.987512            
2.896               0.95063             
2.996               0.912606            
3.096               0.876488            
3.196               0.837436            
3.296               0.802404            
3.396               0.76295             
3.496               0.729236            
3.596               0.690054            
3.696               0.657861            
3.8                 0.619118            
3.9                 0.578515            
4                   0.548454            
4.1                 0.511055            
4.2                 0.482376            
4.3                 0.446713            
4.4                 0.419902            
4.5                 0.386988            
4.6                 0.362802            
4.7                 0.333403            
4.8                 0.312054            
4.9                 0.286155            
5                   0.267644            
5.1                 0.245567            
5.2                 0.229681            
5.3                 0.211466            
5.4                 0.198528            
5.5                 0.184               
5.6                 0.17367             
5.7                 0.162355            
5.8                 0.153465            
5.9                 0.144141            
6                   0.136456            
6.104               0.129265            
6.204               0.122163            
6.304               0.116215            
6.404               0.111561            
6.504               0.106358            
6.604               0.102925            
6.704               0.0981798           
6.804               0.0951071           
6.904               0.0897999           
7.004               0.0859671           
7.104               0.0800591           
7.204               0.0762455           
7.304               0.0706215           
7.404               0.0672379           
7.504               0.0619693           
7.604               0.0588372           
7.704               0.0538943           
7.804               0.0509892           
7.904               0.0463107           
8.004               0.0433443           
8.104               0.0388763           
8.204               0.035708            
8.304               0.0315769           
8.408               0.0286841           
8.508               0.0254877           
8.608               0.0209987           
8.708               0.0169117           
8.808               0.0125563           
8.908               0.00903511          
9.008               0.00583363          
9.108               0.00301862          
9.204               0.000831127         
9.304               -0.000869751        
9.404               -0.00284696         
9.504               -0.00438905         
9.604               -0.00609517         
9.704               -0.006809           
9.804               -0.00796342         
9.904               -0.00828385         
10.004              -0.00910234         
10.104              -0.00923419         
10.204              -0.0100889          
10.304              -0.00994563         
10.404              -0.0100949          
10.504              -0.00918698         
10.608              -0.00879884         
10.708              -0.00810862         
10.808              -0.00635099         
10.908              -0.00467825         
11.008              -0.00239635         
11.108              -0.0010066          
11.208              0.000846148         
11.308              0.00214267          
11.408              0.00349045          
11.508              0.00419879          
11.608              0.00522375          
11.708              0.00601244          
11.808              0.00722408          
11.908              0.00843978          
12.008              0.00960398          
12.108              0.0101092           
12.208              0.0101306           
12.308              0.00959468          
12.408              0.00914764          
12.508              0.00861287          
12.608              0.00835109          
12.708              0.00773025          
12.812              0.00707173          
12.912              0.00611997          
13.012              0.00518465          
13.112              0.00459385          
13.212              0.00389194          
13.312              0.00337338          
13.412              0.00285745          
13.512              0.00257063          
13.612              0.00252366          
13.712              0.00251579          
13.812              0.00274372          
13.912              0.00263762          
14.012              0.00321436          
14.112              0.00357461          
14.212              0.00418735          
14.312              0.00430942          
14.412              0.00477028          
14.508              0.00476074          
14.608              0.00477099          
14.708              0.00569248          
14.808              0.00609779          
14.908              0.00733924          
15.012              0.00799966          
15.112              0.00939202          
15.212              0.010608            
15.312              0.0111613           
15.412              0.0121908           
15.512              0.0126138           
15.612              0.013561            
15.712              0.0139339           
15.812              0.0146472           
15.912              0.0144682           
16.012              0.0146792           
16.112              0.0143211           
16.212              0.0144274           
16.312              0.0137913           
16.412              0.013474            
16.512              0.0128953           
16.612              0.0126429           
16.712              0.0123508           
16.812              0.0123544           
16.912              0.0121148           
17.012              0.0119305           
17.112              0.0116301           
17.212              0.0117671           
17.316              0.0118732           
17.416              0.011893            
17.516              0.0115879           
17.616              0.0111852           
17.716              0.0106218           
17.816              0.00990129          
17.916              0.00870156          
18.016              0.00763321          
18.116              0.00664616          
18.216              0.00627756          
18.316              0.00604486          
18.416              0.00604343          
18.516              0.00576043          
18.616              0.0058074           
18.716              0.00562501          
18.816              0.00577784          
18.916              0.00541234          
19.016              0.00504041          
19.116              0.00439811          
19.216              0.00416827          
19.316              0.00353408          
19.42               0.00352931          
19.52               0.00292206          
19.62               0.00241089          
19.72               0.00239515          
19.82               0.00141644          
19.92               0.000885963         
20.02               -0.000499487        
20.12               -0.00121212         
20.22               -0.00263333         
20.32               -0.00349331         
20.42               -0.00485659         
20.52               -0.00558448         
20.62               -0.00674081         
20.72               -0.00730705         
20.82               -0.0084002          
20.92               -0.00896549         
21.02               -0.00966501         
21.12               -0.00962281         
21.22               -0.0096302          
21.32               -0.00943279         
21.42               -0.00952363         
21.52               -0.00919747         
21.624              -0.00907445         
21.724              -0.00872636         
21.812              -0.00798965         
21.912              -0.00730062         
22.012              -0.00612044         
22.112              -0.0048275          
22.212              -0.0032866          
22.312              -0.00194383         
22.412              7.96318e-05         
22.512              0.00165606          
22.612              0.00356507          
22.712              0.00488877          
22.812              0.00668216          
22.912              0.00778437          
23.012              0.00914693          
23.112              0.00976896          
23.212              0.0108867           
23.312              0.011327            
23.412              0.0124812           
23.512              0.012733            
23.612              0.0134451           
23.712              0.0136616           
23.812              0.0147426           
23.916              0.0159323           
24.016              0.0162632           
24.116              0.0173771           
24.216              0.0174608           
24.316              0.0180333           
24.416              0.0177062           
24.516              0.0180335           
24.616              0.0174484           
24.716              0.0175662           
24.816              0.0169694           
24.916              0.0169785           
25.016              0.0163822           
25.116              0.0161767           
25.216              0.0155823           
25.316              0.0156307           
25.416              0.015368            
25.516              0.0153558           
25.616              0.0150163           
25.716              0.0150926           
25.816              0.0149415           
25.916              0.0149667           
26.016              0.0148623           
26.12               0.0151024           
26.22               0.0156004           
26.32               0.016196            
26.42               0.017215            
26.52               0.017947            
26.62               0.0188243           
26.72               0.0196521           
26.82               0.0205827           
26.92               0.0212016           
27.02               0.0212786           
27.12               0.0208988           
27.22               0.0200708           
27.32               0.019443            
27.42               0.0185416           
27.52               0.0181155           
27.62               0.0172994           
27.72               0.0168533           
27.82               0.0160935           
27.92               0.0156844           
28.02               0.0148382           
28.12               0.0145192           
28.224              0.0140748           
28.324              0.0136673           
28.424              0.0139878           
28.524              0.013828            
28.624              0.0138736           
28.724              0.0133851           
28.824              0.0131364           
28.924              0.0124567           
29.02               0.012718            
29.12               0.0131619           
29.22               0.0129635           
29.32               0.0133994           
29.42               0.013449            
29.52               0.0137031           
29.62               0.0135057           
29.72               0.0136828           
29.82               0.013638            
29.92               0.0137553           
30.02               0.0135672           
30.12               0.0137773           
30.22               0.0133605           
30.32               0.0130739           
30.424              0.0124607           
30.524              0.0113337           
30.624              0.0103445           
30.724              0.0088098           
30.824              0.00754857          
30.924              0.00618696          
31.024              0.00532007          
31.124              0.00441527          
31.224              0.00394607          
31.324              0.00385332          
31.424              0.00405145          
31.524              0.00472474          
31.624              0.00513625          
31.724              0.00554848          
31.824              0.00545669          
31.924              0.00548363          
32.024              0.00486541          
32.124              0.0045805           
32.224              0.00358057          
32.324              0.00289559          
32.424              0.00139475          
32.524              0.00028348          
32.624              -0.00155663         
32.728              -0.00276852         
32.828              -0.00358105         
32.928              -0.00498962         
33.028              -0.0059855          
33.128              -0.00702739         
33.228              -0.00729227         
33.328              -0.00803542         
33.428              -0.00816059         
33.528              -0.00849175         
33.628              -0.0082953          
33.728              -0.00833082         
33.828              -0.00771475         
33.928              -0.00746012         
34.028              -0.00650215         
34.128              -0.00607347         
34.228              -0.00504184         
34.328              -0.00454521         
34.428              -0.00346828         
34.528              -0.00281358         
34.628              -0.00192428         
34.728              -0.00118423         
34.828              -8.82149e-06        
34.932              0.000738382         
35.032              0.00140142          
35.132              0.00234246          
35.232              0.00317144          
35.332              0.00453949          
35.432              0.00580955          
35.532              0.00704265          
35.632              0.00802875          
35.732              0.00902128          
35.832              0.00987339          
35.932              0.0103247           
36.032              0.0106685           
36.12               0.011292            
36.22               0.0111463           
36.32               0.0114269           
36.42               0.0106223           
36.52               0.00986862          
36.62               0.00832272          
36.72               0.00719166          
36.82               0.00532532          
36.92               0.00392532          
37.02               0.00144267          
37.12               -0.000255823        
37.224              -0.00274491         
37.324              -0.00482368         
37.424              -0.00545406         
37.524              -0.00680852         
37.624              -0.00720644         
37.724              -0.00810122         
37.824              -0.00789571         
37.924              -0.00815296         
38.024              -0.00767159         
38.124              -0.0077765          
38.224              -0.00752115         
38.324              -0.00762868         
38.424              -0.00710344         
38.524              -0.00685358         
38.624              -0.00617981         
38.724              -0.00554442         
38.824              -0.00471544         
38.924              -0.0038805          
39.024              -0.003263           
39.124              -0.00289392         
39.224              -0.00234032         
39.324              -0.00156331         
39.428              -0.000253916        
39.528              0.000916719         
39.628              0.0023067           
39.728              0.00303078          
39.828              0.00417447          
39.928              0.00482512          
40.028              0.00589228          
40.128              0.00623846          
40.228              0.00723195          
40.328              0.00765538          
40.428              0.00917172          
40.528              0.00992632          
40.628              0.0113153           
40.728              0.0116973           
40.828              0.0125544           
40.928              0.0123713           
41.028              0.0123973           
41.128              0.0115073           
41.228              0.0108862           
41.328              0.00944471          
41.428              0.00825596          
41.528              0.0065167           
41.632              0.00571799          
41.732              0.00524783          
41.832              0.0049386           
41.932              0.00563025          
42.032              0.00610876          
42.132              0.00743365          
42.232              0.00815225          
42.332              0.0093472           
42.432              0.00984192          
42.532              0.0103204           
42.632              0.00996208          
42.732              0.00953364          
42.832              0.00890088          
42.932              0.00850153          
43.032              0.00818181          
43.132              0.00797224          
43.228              0.00770521          
43.328              0.00770617          
43.428              0.00770378          
43.528              0.00776076          
43.628              0.00759935          
43.728              0.00751925          
43.828              0.00714469          
43.932              0.00636339          
44.032              0.00572896          
44.132              0.0047009           
44.232              0.00401354          
44.332              0.00284553          
44.432              0.00206447          
44.532              0.000941753         
44.632              0.000385523         
44.732              -0.000622272        
44.832              -0.000840187        
44.932              -0.00153685         
45.032              -0.00186539         
45.132              -0.0028019          
45.232              -0.00341773         
45.332              -0.004843           
45.432              -0.0056777          
45.532              -0.00684404         
45.632              -0.00746584         
45.732              -0.00857711         
45.832              -0.00922632         
45.932              -0.010283           
46.032              -0.0109208          
46.136              -0.0123701          
46.236              -0.0135903          
46.336              -0.0140481          
46.436              -0.0151694          
46.536              -0.0154822          
46.636              -0.016227           
46.736              -0.0161598          
46.836              -0.0163517          
46.936              -0.0155001          
47.036              -0.0147657          
47.136              -0.013592           
47.224              -0.0121951          
47.324              -0.0111058          
47.424              -0.00971961         
47.524              -0.00842381         
47.624              -0.00723076         
47.724              -0.00610089         
47.824              -0.00503826         
47.924              -0.0037601          
48.024              -0.00242901         
48.124              -0.000991106        
48.228              0.000133276         
48.328              0.00150037          
48.428              0.00301361          
48.528              0.00416756          
48.628              0.00566268          
48.728              0.00639725          
48.828              0.00750637          
48.928              0.00818777          
49.028              0.00937963          
49.128              0.0096581           
49.228              0.0104132           
49.328              0.0106018           
49.428              0.0112877           
49.528              0.0110302           
49.628              0.0113721           
49.728              0.0107              
49.828              0.0104945           
49.928              0.00969338          
50.028              0.00937247          
50.128              0.00810194          
50.228              0.00708151          
50.328              0.00536752          
50.432              0.00406528          
50.532              0.00306773          
50.632              0.00176263          
50.732              0.00126243          
50.832              0.000597239         
50.932              0.000457525         
51.032              -2.57492e-05        
51.132              -0.000195265        
51.232              -0.000631094        
51.332              -0.000574827        
51.432              -0.000512838        
51.532              0.000201464         
51.632              0.000660181         
51.732              0.0011034           
51.832              0.0010035           
51.932              0.000898123         
52.032              0.000688791         
52.132              0.000240326         
52.232              -0.000266314        
52.332              -0.00139117         
52.432              -0.00270367         
52.532              -0.00472283         
52.636              -0.0060389          
52.736              -0.00751376         
52.836              -0.0087142          
52.936              -0.00937295         
53.036              -0.0107009          
53.136              -0.0113132          
53.236              -0.0127342          
53.336              -0.0136251          
53.436              -0.0153868          
53.536              -0.0163338          
53.636              -0.0181401          
53.736              -0.0192738          
53.836              -0.0213208          
53.936              -0.022444           
54.036              -0.0243075          
54.136              -0.0248649          
54.236              -0.0261698          
54.336              -0.0266328          
54.436              -0.0278218          
54.536              -0.0278633          
54.632              -0.0279629          
54.732              -0.0286441          
54.836              -0.0279598          
54.936              -0.0273929          
55.036              -0.0267589          
55.136              -0.0254729          
55.236              -0.0242972          
55.336              -0.0228953          
55.436              -0.0218422          
55.536              -0.0206611          
55.636              -0.0199597          
55.736              -0.0193689          
55.836              -0.0192006          
55.936              -0.0186517          
56.036              -0.0180759          
56.136              -0.0173938          
56.236              -0.0165286          
56.336              -0.0153649          
56.436              -0.0135829          
56.536              -0.0119584          
56.636              -0.0101631          
56.736              -0.00881577         
56.836              -0.00736403         
56.936              -0.00638986         
57.036              -0.00469136         
57.14               -0.00308371         
57.24               -0.00208831         
57.34               -0.000763655        
57.44               0.000127077         
57.54               0.00117159          
57.64               0.00171971          
57.74               0.00226688          
57.84               0.00231528          
57.94               0.00278711          
58.04               0.00277162          
58.14               0.0028317           
58.24               0.00222921          
58.34               0.0016911           
58.44               0.00110626          
58.54               0.000735521         
58.64               -0.000356436        
58.74               -0.00134158         
58.84               -0.0030005          
58.94               -0.0041604          
59.04               -0.00538206         
59.14               -0.00568199         
59.24               -0.00630307         
59.34               -0.00662351         
59.444              -0.00704885         
59.544              -0.00792527         
59.644              -0.0085392          
59.744              -0.00925517         
59.844              -0.0091753          
59.944              -0.0092411          
60.044              -0.00909042         
60.144              -0.00896788         
60.244              -0.00861502         
60.344              -0.0085876          
60.444              -0.00794363         
60.544              -0.00729895         
60.644              -0.00613523         
60.744              -0.00503135         
60.844              -0.00365615         
60.944              -0.00247478         
61.044              -0.00110769         
61.144              0.000303507         
61.244              0.00222015          
61.344              0.00399089          
61.444              0.00586534          
61.544              0.00736761          
61.644              0.00840616          
61.748              0.00910902          
61.848              0.00973916          
61.94               0.0102601           
62.04               0.0105033           
62.14               0.00992823          
62.24               0.00926328          
62.34               0.00797796          
62.44               0.00740337          
62.54               0.00658679          
62.64               0.00637746          
62.74               0.005656            
62.84               0.00535083          
62.94               0.00456405          
63.04               0.0045011           
63.14               0.00375652          
63.24               0.00390649          
63.34               0.00389838          
63.44               0.00467801          
63.54               0.0050509           
63.64               0.00605965          
63.74               0.00628257          
63.84               0.00704813          
63.944              0.00737476          
64.044              0.00770783          
64.144              0.00874114          
64.244              0.00937581          
64.344              0.010448            
64.444              0.0109906           
64.544              0.01142             
64.644              0.0114584           
64.744              0.0115116           
64.844              0.0112083           
64.944              0.0109425           
65.044              0.0101011           
65.144              0.00929451          
65.244              0.00833845          
65.344              0.00763464          
65.444              0.00720906          
65.544              0.00717711          
65.644              0.00749969          
65.744              0.00764465          
65.844              0.00799322          
65.944              0.00796008          
66.044              0.00816655          
66.148              0.00814676          
66.248              0.00887108          
66.348              0.00976658          
66.448              0.0102735           
66.548              0.0118451           
66.648              0.012502            
66.748              0.0138614           
66.848              0.0142286           
66.948              0.0156312           
67.048              0.0161576           
67.148              0.0175707           
67.248              0.0178683           
67.348              0.0190375           
67.448              0.0190096           
67.548              0.019959            
67.648              0.0198963           
67.748              0.0207736           
67.848              0.0208323           
67.948              0.0218341           
68.048              0.0220795           
68.148              0.0228937           
68.248              0.0227611           
68.352              0.023037            
68.452              0.0228579           
68.552              0.0224085           
68.652              0.022527            
68.752              0.0224249           
68.852              0.0226064           
68.952              0.0221713           
69.052              0.0216463           
69.152              0.0209839           
69.252              0.0200987           
69.352              0.0189393           
69.452              0.0173256           
69.552              0.0158684           
69.644              0.0147297           
69.744              0.0140162           
69.844              0.0131929           
69.944              0.01267             
70.044              0.0116508           
70.144              0.0105741           
70.244              0.00890326          
70.344              0.00804281          
70.444              0.00685573          
70.548              0.00538397          
70.648              0.00446224          
70.748              0.00289989          
70.848              0.00190663          
70.948              0.000192881         
71.048              -0.000775337        
71.148              -0.00244761         
71.248              -0.00344849         
71.348              -0.00507689         
71.448              -0.00574565         
71.548              -0.00692821         
71.648              -0.00735545         
71.748              -0.00829291         
71.848              -0.00853014         
71.948              -0.00906539         
72.048              -0.00881982         
72.148              -0.00882697         
72.248              -0.00820565         
72.348              -0.00817156         
72.448              -0.00787139         
72.548              -0.00843549         
72.648              -0.00857759         
72.748              -0.00945711         
72.852              -0.0102339          
72.952              -0.0103548          
73.052              -0.0107303          
73.152              -0.0108075          
73.252              -0.0116525          
73.352              -0.0124748          
73.452              -0.0136757          
73.552              -0.0146031          
73.652              -0.0159872          
73.752              -0.0168066          
73.852              -0.0178587          
73.952              -0.0184629          
74.052              -0.0191276          
74.152              -0.0193584          
74.252              -0.0195429          
74.352              -0.0195217          
74.452              -0.0198283          
74.552              -0.0199337          
74.652              -0.0199218          
74.752              -0.0198333          
74.852              -0.0195127          
74.952              -0.0194097          
75.056              -0.0188005          
75.156              -0.017875           
75.256              -0.0175226          
75.356              -0.0164959          
75.456              -0.0156887          
75.556              -0.0140052          
75.656              -0.0132151          
75.756              -0.0118742          
75.856              -0.011265           
75.956              -0.00957346         
76.056              -0.00869703         
76.156              -0.006845           
76.256              -0.00583673         
76.356              -0.00369358         
76.456              -0.00237703         
76.556              0.000182867         
76.656              0.00191164          
76.756              0.00498056          
76.856              0.00698161          
76.956              0.00996685          
77.056              0.0112553           
77.156              0.0135155           
77.256              0.0147057           
77.36               0.0167713           
77.46               0.0188594           
77.56               0.0198455           
77.66               0.0211656           
77.76               0.0211973           
77.86               0.0215571           
77.96               0.0212379           
78.06               0.0213032           
78.16               0.0208745           
78.26               0.0204043           
78.36               0.0195003           
78.46               0.0186357           
78.56               0.0175304           
78.656              0.0165505           
78.756              0.0153263           
78.856              0.0145974           
78.956              0.0135009           
79.056              0.0129519           
79.156              0.0122259           
79.256              0.012073            
79.356              0.0114369           
79.456              0.0111537           
79.556              0.00988698          
79.656              0.00962806          
79.76               0.00890946          
79.86               0.00828171          
79.96               0.00862861          
80.06               0.00835991          
80.16               0.00880051          
80.26               0.00882554          
80.36               0.00934911          
80.46               0.00891805          
80.56               0.00916409          
80.66               0.00857806          
80.76               0.00854063          
80.86               0.00753212          
80.96               0.00731421          
81.06               0.00657153          
81.16               0.00658965          
81.26               0.00578618          
81.36               0.00566816          
81.46               0.00527501          
81.56               0.00561261          
81.66               0.00509453          
81.76               0.00495768          
81.86               0.00420284          
81.964              0.00353384          
82.064              0.00346613          
82.164              0.00304317          
82.264              0.00276113          
82.364              0.00181413          
82.464              0.00131226          
82.564              0.000964642         
82.664              0.00120521          
82.764              0.00169849          
82.864              0.00268435          
82.964              0.00450897          
83.064              0.00635982          
83.164              0.00829792          
83.264              0.00954533          
83.364              0.0112581           
83.464              0.0122137           
83.564              0.0132787           
83.664              0.013618            
83.764              0.0144145           
83.864              0.0142207           
83.964              0.0145645           
84.064              0.0140676           
84.168              0.0144303           
84.268              0.0146165           
84.368              0.0139091           
84.468              0.0138938           
84.568              0.0129714           
84.668              0.0128157           
84.768              0.0117056           
84.868              0.0114598           
84.968              0.0109804           
85.068              0.011452            
85.168              0.0110226           
85.268              0.0111361           
85.368              0.0105028           
85.468              0.0103481           
85.568              0.00933337          
85.668              0.0089407           
85.768              0.00806189          
85.868              0.0076232           
85.968              0.00674987          
86.068              0.00619268          
86.168              0.00537515          
86.268              0.00501752          
86.368              0.00445294          
86.472              0.00410151          
86.572              0.00365424          
86.672              0.00333095          
86.772              0.00350046          
86.872              0.00364614          
86.972              0.00409102          
87.072              0.00513363          
87.172              0.00627303          
87.272              0.00741363          
87.372              0.00850487          
87.472              0.0097115           
87.572              0.0110836           
87.672              0.012696            
87.772              0.0141153           
87.872              0.0154083           
87.96               0.0165694           
88.06               0.0170977           
88.16               0.0178227           
88.26               0.0179741           
88.36               0.0181124           
88.46               0.0169613           
88.56               0.0157161           
88.66               0.0136049           
88.764              0.0110295           
88.864              0.00925493          
88.964              0.00643587          
89.064              0.00469875          
89.164              0.00193             
89.264              0.000380754         
89.364              -0.00197196         
89.464              -0.00295448         
89.564              -0.00507283         
89.664              -0.00609517         
89.764              -0.00817156         
89.864              -0.00938678         
89.964              -0.0115957          
90.064              -0.0125241          
90.164              -0.0145679          
90.264              -0.015552           
90.364              -0.0173132          
90.464              -0.0180993          
90.564              -0.0200353          
90.664              -0.0209324          
90.764              -0.0223839          
90.864              -0.0227818          
90.964              -0.0231397          
91.068              -0.0228512          
91.168              -0.022033           
91.268              -0.0213397          
91.368              -0.0207002          
91.468              -0.0199332          
91.568              -0.0191753          
91.668              -0.0182323          
91.768              -0.0170767          
91.868              -0.0153172          
91.968              -0.0138347          
92.068              -0.0117123          
92.168              -0.0105267          
92.268              -0.00887752         
92.368              -0.0078764          
92.468              -0.00560617         
92.568              -0.00435686         
92.668              -0.00244284         
92.768              -0.0018239          
92.868              -0.000424623        
92.968              6.17504e-05         
93.068              0.00132799          
93.168              0.00137615          
93.272              0.00226521          
93.372              0.00308013          
93.472              0.00290394          
93.572              0.00383782          
93.672              0.00397491          
93.772              0.00477004          
93.872              0.00457811          
93.972              0.00496554          
94.072              0.00461674          
94.172              0.00462484          
94.272              0.00378752          
94.372              0.00332475          
94.472              0.00229597          
94.572              0.00151801          
94.672              0.000126839         
94.772              -0.00148296         
94.872              -0.00340652         
94.972              -0.00547409         
95.072              -0.00737143         
95.172              -0.00903749         
95.272              -0.0105033          
95.372              -0.0122736          
95.472              -0.013515           
95.576              -0.0148578          
95.676              -0.0159702          
95.776              -0.0166354          
95.876              -0.0177038          
95.976              -0.0181024          
96.076              -0.0190558          
96.176              -0.0192561          
96.276              -0.0200958          
96.376              -0.0204024          
96.476              -0.021595           
96.576              -0.0222273          
96.676              -0.0233366          
96.776              -0.0234461          
96.876              -0.0242238          
96.976              -0.0244355          
97.076              -0.0252905          
97.176              -0.0254068          
97.276              -0.0263648          
97.376              -0.0266941          
97.476              -0.0276215          
97.576              -0.0276713          
97.672              -0.027395           
97.772              -0.0275636          
97.872              -0.0267785          
97.972              -0.0263066          
98.072              -0.0251098          
98.172              -0.0246115          
98.272              -0.0235806          
98.372              -0.0233779          
98.472              -0.0229127          
98.572              -0.0233371          
98.672              -0.0230439          
98.772              -0.0231645          
98.872              -0.0226138          
98.972              -0.0227818          
99.072              -0.0224359          
99.172              -0.0223968          
99.272              -0.0219133          
99.372              -0.0219619          
99.472              -0.021769           
99.572              -0.0219848          
99.672              -0.0218723          
99.772              -0.021852           
99.872              -0.0214972          
99.976              -0.0210533          
100.076             -0.0200992          
100.176             -0.0192606          
100.276             -0.0183413          
100.376             -0.0176415          
100.476             -0.016578           
100.576             -0.0157773          
100.676             -0.014565           
100.776             -0.0140066          
100.876             -0.0129302          
100.976             -0.0123572          
101.076             -0.0110326          
101.176             -0.0103793          
101.276             -0.00860429         
101.376             -0.00756884         
101.476             -0.00586128         
101.576             -0.0051806          
101.676             -0.0041995          
101.776             -0.0043602          
101.876             -0.00345659         
101.976             -0.00301933         
102.076             -0.00153089         
