0.00591281          -0.0342836          -3.85743            
0.00815026          -0.0333142          -3.8655             
0.000637566         -0.0269885          -3.88395            
-0.0303953          -0.005904           -3.91211            
-0.0823451          0.029231            -3.94229            
-0.161533           0.0839733           -3.9799             
-0.253215           0.149365            -4.02133            
-0.3703             0.236622            -4.07582            
-0.491929           0.332717            -4.13681            
-0.63463            0.45392             -4.21598            
-0.784227           0.592342            -4.30991            
-0.924137           0.734184            -4.40939            
-1.07323            0.901772            -4.5308             
-1.2044             1.06792             -4.65481            
-1.33511            1.2587              -4.79961            
-1.44188            1.44315             -4.94096            
-1.53926            1.6501              -5.09896            
-1.61044            1.8463              -5.24716            
-1.66591            2.06253             -5.40686            
-1.69586            2.2638              -5.55178            
-1.70448            2.4813              -5.703              
-1.69163            2.66287             -5.82488            
-1.65282            2.87221             -5.95968            
-1.59497            3.05844             -6.07505            
-1.50947            3.25042             -6.18789            
-1.41032            3.4169              -6.28035            
-1.28249            3.58409             -6.36739            
-1.14734            3.72513             -6.43563            
-0.984325           3.86218             -6.49601            
-0.820252           3.9734              -6.53971            
-0.629707           4.07688             -6.57454            
-0.443689           4.15665             -6.59595            
-0.233057           4.22616             -6.60826            
-0.0313802          4.27508             -6.61055            
0.193584            4.31218             -6.60422            
0.405947            4.33223             -6.59096            
0.639768            4.33918             -6.56951            
0.857769            4.33246             -6.54409            
1.09558             4.31168             -6.51158            
1.33456             4.27768             -6.47489            
1.55494             4.23506             -6.43821            
1.79235             4.17721             -6.39638            
2.00943             4.11396             -6.35625            
2.24145             4.03541             -6.31197            
2.45204             3.95437             -6.27062            
2.67571             3.85815             -6.22595            
2.87758             3.76224             -6.18552            
3.09115             3.6512              -6.14343            
3.28335             3.54247             -6.10614            
3.486               3.41848             -6.06784            
3.66785             3.29873             -6.03452            
3.85868             3.16372             -6.0012             
4.02876             3.03434             -5.97296            
4.20615             2.88951             -5.9454             
4.36338             2.75169             -5.92303            
4.52647             2.59789             -5.90203            
4.67045             2.4519              -5.88536            
4.819               2.28935             -5.87038            
4.9489              2.13506             -5.85926            
5.08176             1.96339             -5.85016            
5.19683             1.80071             -5.84451            
5.31314             1.61998             -5.84129            
5.4204              1.43467             -5.84093            
5.51104             1.25945             -5.84288            
5.59946             1.06542             -5.84722            
5.67167             0.883026            -5.85311            
5.73912             0.682278            -5.86151            
5.79079             0.494273            -5.87076            
5.83482             0.28807             -5.88205            
5.86371             0.0955279           -5.89357            
5.88163             -0.115017           -5.90687            
5.88568             -0.310124           -5.91962            
5.87646             -0.521421           -5.93389            
5.85515             -0.715565           -5.94714            
5.81786             -0.923928           -5.9611             
5.77021             -1.11346            -5.97369            
5.70416             -1.31516            -5.9868             
5.63005             -1.49694            -5.99833            
5.53616             -1.68764            -6.0101             
5.43709             -1.85713            -6.02014            
5.31648             -2.03294            -6.02981            
5.19329             -2.18699            -6.03759            
5.04748             -2.34396            -6.04471            
4.90216             -2.4792             -6.05023            
4.73365             -2.61425            -6.05491            
4.55453             -2.73608            -6.05843            
4.3806              -2.83566            -6.06059            
4.18423             -2.92924            -6.06191            
3.99674             -3.00194            -6.06214            
3.78805             -3.06563            -6.06149            
3.59171             -3.11015            -6.06019            
3.37547             -3.14293            -6.05801            
3.17368             -3.15885            -6.05534            
2.97097             -3.16092            -6.05225            
2.75178             -3.14726            -6.04863            
2.55088             -3.11992            -6.04505            
2.33556             -3.07475            -6.04111            
2.13957             -3.0188             -6.03716            
1.9313              -2.94312            -6.0324             
1.74406             -2.85954            -6.02761            
1.54803             -2.75504            -6.02215            
1.3744              -2.64609            -6.0171             
1.19513             -2.51517            -6.01192            
1.03847             -2.38304            -6.00709            
0.878941            -2.22867            -6.00197            
0.741958            -2.07665            -5.9976             
0.605466            -1.90235            -5.99319            
0.481619            -1.71885            -5.98883            
0.378843            -1.542              -5.98512            
0.280118            -1.34329            -5.98167            
0.201686            -1.15438            -5.97896            
0.131288            -0.945128           -5.97656            
0.079887            -0.748701           -5.97471            
0.0390623           -0.533029           -5.97311            
0.0154149           -0.331912           -5.9722             
0.00500533          -0.112813           -5.97178            
0.00935968          0.0894554           -5.97181            
0.0290718           0.307816            -5.97239            
0.0607947           0.507505            -5.97338            
0.109712            0.721036            -5.97477            
0.168346            0.914362            -5.97628            
0.246494            1.11857             -5.97804            
0.332149            1.30123             -5.97965            
0.438731            1.49213             -5.98115            
0.54948             1.66118             -5.9823             
0.682027            1.8356              -5.98324            
0.815246            1.98789             -5.98393            
0.970998            2.14237             -5.98486            
1.12495             2.27465             -5.9858             
1.30209             2.40616             -5.98714            
1.48933             2.52473             -5.98886            
1.67022             2.62219             -5.99054            
1.87388             2.71398             -5.99246            
2.06805             2.78557             -5.99417            
2.28421             2.84808             -5.99564            
2.48816             2.89159             -5.99682            
2.71285             2.92312             -5.99793            
2.9227              2.93731             -5.99888            
3.15136             2.93624             -5.9998             
3.36252             2.9198              -6.00057            
3.59026             2.88574             -6.00124            
3.79819             2.83932             -6.00158            
4.02002             2.77247             -6.00191            
4.22063             2.69548             -6.00209            
4.43183             2.59578             -6.00221            
4.62                2.48921             -6.00203            
4.80061             2.36935             -6.00173            
4.98653             2.22543             -6.0016             
5.14799             2.08016             -6.00142            
5.31101             1.91001             -6.00123            
5.44957             1.7419              -6.00114            
5.58559             1.54899             -6.00117            
5.70614             1.34599             -6.00137            
5.80306             1.15062             -6.00156            
5.89184             0.931372            -6.0017             
5.95832             0.723428            -6.00196            
6.01315             0.493807            -6.00229            
6.04779             0.278787            -6.00258            
6.06741             0.0436976           -6.00286            
6.0688              -0.174168           -6.0029             
6.0523              -0.409818           -6.00281            
6.02057             -0.625713           -6.00271            
5.9686              -0.856565           -6.0026             
5.90423             -1.06563            -6.00262            
5.8173              -1.28663            -6.00285            
5.72168             -1.48436            -6.0032             
5.60211             -1.6903             -6.00352            
5.47764             -1.87148            -6.00373            
5.32844             -2.05711            -6.00397            
5.17799             -2.21767            -6.00407            
5.0024              -2.37865            -6.0041             
4.82989             -2.51464            -6.00405            
4.63283             -2.64758            -6.00387            
4.4428              -2.7562             -6.00379            
4.22919             -2.85789            -6.00382            
4.00853             -2.94245            -6.00378            
3.80011             -3.00488            -6.0038             
3.57071             -3.05534            -6.0039             
3.35667             -3.08569            -6.004              
3.12344             -3.10092            -6.00429            
2.90816             -3.09887            -6.00459            
2.67609             -3.07975            -6.00503            
2.4641              -3.04687            -6.00543            
2.23854             -2.99513            -6.00571            
2.0353              -2.93274            -6.0058             
1.8215              -2.84973            -6.00582            
1.63103             -2.75944            -6.00585            
1.43302             -2.64726            -6.00606            
1.25883             -2.53096            -6.0062             
1.08036             -2.39195            -6.00602            
0.926085            -2.25235            -6.00566            
0.770568            -2.08976            -6.00501            
0.638373            -1.92985            -6.00441            
0.508081            -1.74705            -6.00371            
0.400359            -1.57049            -6.00302            
0.298027            -1.37197            -6.00233            
0.211039            -1.16705            -6.0016             
0.144789            -0.97283            -6.00081            
0.0886039           -0.757737           -6.00006            
0.0513417           -0.55603            -5.99951            
0.026835            -0.335062           -5.99891            
0.0188992           -0.129988           -5.99835            
0.0262472           0.0923336           -5.99758            
0.0477217           0.296841            -5.9966             
0.086847            0.516492            -5.99535            
0.13757             0.716614            -5.99395            
0.207968            0.929239            -5.99235            
0.286817            1.12068             -5.99092            
0.38689             1.32143             -5.98961            
0.492335            1.50004             -5.98871            
0.62008             1.68517             -5.9876             
0.749958            1.84776             -5.98654            
0.90329             2.01394             -5.98523            
1.05607             2.15695             -5.98409            
1.23266             2.29965             -5.98297            
1.40499             2.41923             -5.98219            
1.60103             2.53503             -5.9818             
1.80599             2.63599             -5.98183            
1.98559             2.70941             -5.98193            
2.1868              2.77648             -5.98188            
2.40976             2.8334              -5.98178            
2.61901             2.87083             -5.98179            
2.84845             2.89478             -5.98213            
3.06198             2.90135             -5.98265            
3.29408             2.89156             -5.9832             
3.50755             2.86675             -5.98376            
3.73678             2.82261             -5.98444            
3.94534             2.76606             -5.98518            
4.16664             2.68794             -5.98632            
4.3652              2.60048             -5.9875             
4.57266             2.48947             -5.9888             
4.75603             2.37251             -5.98993            
4.94482             2.2306              -5.9912             
5.10907             2.08619             -5.99235            
5.27492             1.91638             -5.99361            
5.41586             1.74822             -5.99475            
5.55439             1.55452             -5.99606            
5.66874             1.36597             -5.99746            
5.77732             1.15242             -5.99913            
5.869               0.930625            -6.00061            
5.93798             0.719888            -6.00193            
5.99517             0.486308            -6.00342            
6.03139             0.266966            -6.00495            
6.05211             0.0267902           -6.00649            
6.05406             -0.196134           -6.00764            
6.03774             -0.43733            -6.00884            
6.00544             -0.658359           -6.00988            
5.95207             -0.894458           -6.01104            
5.88613             -1.10799            -6.01213            
5.79703             -1.33331            -6.01307            
5.69902             -1.53434            -6.0138             
5.57633             -1.74314            -6.0145             
5.44866             -1.92649            -6.01505            
5.29588             -2.11398            -6.01538            
5.14225             -2.27571            -6.01539            
4.96315             -2.43729            -6.01508            
4.78734             -2.57316            -6.01471            
4.58676             -2.70528            -6.0143             
4.39329             -2.81283            -6.01399            
4.17586             -2.91293            -6.0135             
3.96884             -2.98983            -6.01298            
3.73928             -3.05613            -6.01229            
3.50566             -3.10447            -6.01182            
3.28766             -3.13301            -6.01154            
3.05029             -3.14651            -6.01126            
2.83151             -3.1427             -6.01084            
2.59662             -3.12123            -6.01054            
2.38276             -3.08574            -6.01023            
2.1555              -3.03077            -6.0096             
1.95073             -2.96488            -6.00879            
1.73581             -2.87727            -6.00792            
1.54486             -2.78185            -6.00702            
1.34699             -2.66383            -6.0058             
1.17315             -2.54225            -6.00479            
0.99518             -2.39762            -6.00381            
0.841176            -2.25304            -6.00297            
0.686476            -2.08533            -6.00199            
0.555457            -1.92117            -6.00082            
0.42697             -1.73428            -5.99941            
0.32136             -1.55429            -5.99812            
0.221549            -1.35255            -5.9968             
0.143129            -1.16086            -5.99554            
0.0730074           -0.94868            -5.99405            
0.0187536           -0.733486           -5.99236            
-0.0172137          -0.532896           -5.99079            
-0.0407365          -0.314418           -5.98933            
-0.0481037          -0.112469           -5.98817            
-0.0407693          0.105528            -5.98714            
-0.0201659          0.305018            -5.98632            
0.0167689           0.518461            -5.98556            
0.0637379           0.712509            -5.98507            
0.123144            0.902502            -5.98486            
0.201447            1.10309             -5.98481            
0.286058            1.28289             -5.98491            
0.390689            1.47077             -5.98533            
0.499083            1.6371              -5.98591            
0.628647            1.80895             -5.98663            
0.758587            1.95923             -5.98733            
0.9099              2.11198             -5.98797            
1.05872             2.24259             -5.98859            
1.22907             2.37224             -5.98928            
1.39432             2.48087             -5.98988            
1.5812              2.5858              -5.99054            
1.76                2.6706              -5.99096            
1.95963             2.74903             -5.99121            
2.16496             2.81298             -5.99131            
2.35894             2.85867             -5.99144            
2.57297             2.89337             -5.99166            
2.77299             2.91154             -5.99188            
2.99134             2.916               -5.99206            
3.1934              2.90616             -5.99224            
3.41209             2.88036             -5.99239            
3.61257             2.84258             -5.99253            
3.82733             2.78667             -5.99293            
4.02248             2.72146             -5.9934             
4.22929             2.6362              -5.99395            
4.41465             2.5442              -5.99449            
4.6082              2.43035             -5.99496            
4.77946             2.31239             -5.99548            
4.95605             2.17096             -5.99615            
5.1096              2.02834             -5.99693            
5.26471             1.86178             -5.99796            
5.39641             1.69772             -5.99897            
5.52589             1.50965             -6                  
5.63242             1.32698             -6.00063            
5.73306             1.12047             -6.00115            
5.81163             0.922795            -6.0017             
5.88089             0.70224             -6.00261            
5.93344             0.475927            -6.00364            
5.96627             0.263162            -6.00449            
5.98435             0.0297768           -6.00542            
5.9851              -0.186767           -6.00605            
5.96847             -0.421021           -6.00667            
5.93686             -0.635538           -6.00727            
5.88534             -0.8651             -6.00769            
5.82195             -1.07321            -6.00789            
5.73664             -1.29274            -6.008              
5.64291             -1.48897            -6.00803            
5.52561             -1.69357            -6.00787            
5.40327             -1.87404            -6.00787            
5.25596             -2.05951            -6.00784            
5.107               -2.22018            -6.00786            
4.93278             -2.38188            -6.00803            
4.76122             -2.51849            -6.00838            
4.56504             -2.65208            -6.00894            
4.37524             -2.76127            -6.00933            
4.16157             -2.86343            -6.00949            
3.95817             -2.94254            -6.00935            
3.73226             -3.01135            -6.00912            
3.50205             -3.06192            -6.00872            
3.28711             -3.09258            -6.00807            
3.05301             -3.10821            -6.00715            
2.83698             -3.10646            -6.00624            
2.60426             -3.08774            -6.00534            
2.39207             -3.05489            -6.00458            
2.16667             -3.00243            -6.00392            
1.96398             -2.9391             -6.00331            
1.75119             -2.85497            -6.00277            
1.56177             -2.76318            -6.00249            
1.36534             -2.649              -6.00239            
1.1931              -2.53064            -6.0022             
1.04361             -2.41192            -6.00183            
0.877789            -2.25987            -6.00142            
0.735659            -2.10907            -6.00129            
0.594639            -1.93507            -6.00149            
0.476936            -1.76545            -6.00177            
0.3634              -1.5733             -6.00178            
0.271922            -1.38932            -6.00169            
0.187615            -1.18376            -6.00148            
0.123891            -0.988802           -6.00124            
0.0705195           -0.773114           -6.00121            
0.0357686           -0.57095            -6.00123            
0.0136792           -0.349857           -6.00116            
0.00775148          -0.127788           -6.00088            
0.0165755           0.0768725           -6.00044            
0.041746            0.297662            -5.99978            
0.0791609           0.499627            -5.99899            
0.134843            0.715407            -5.99781            
0.199935            0.910852            -5.99661            
0.285165            1.11739             -5.9952             
0.377133            1.30245             -5.99401            
0.490673            1.49537             -5.99289            
0.607877            1.66552             -5.99203            
0.747456            1.84025             -5.99117            
0.88744             1.99193             -5.99045            
1.05084             2.1453              -5.98983            
1.21157             2.27607             -5.98916            
1.39523             2.40521             -5.9886             
1.57308             2.51203             -5.98804            
1.77392             2.61413             -5.98737            
1.96609             2.6947              -5.9865             
2.18063             2.76678             -5.98541            
2.38362             2.81918             -5.98456            
2.60798             2.86008             -5.98395            
2.8358              2.88446             -5.9837             
3.04815             2.8918              -5.98385            
3.27884             2.88302             -5.98437            
3.49097             2.85901             -5.98507            
3.71862             2.81628             -5.98579            
3.92582             2.76151             -5.98651            
4.14589             2.68546             -5.98738            
4.34351             2.60031             -5.98818            
4.55028             2.49194             -5.98909            
4.73348             2.37775             -5.98998            
4.92256             2.23958             -5.99077            
5.08729             2.09903             -5.99138            
5.25417             1.93313             -5.99206            
5.39648             1.76824             -5.99278            
5.5368              1.57798             -5.99378            
5.65275             1.39243             -5.9951             
5.7625              1.18193             -5.99685            
5.84861             0.980027            -5.99843            
5.92484             0.754193            -5.99992            
5.97903             0.540481            -6.001              
6.0196              0.305082            -6.00171            
6.04016             0.0855208           -6.00219            
6.04423             -0.15323            -6.00274            
6.02959             -0.391237           -6.0033             
5.99982             -0.609111           -6.00393            
5.95021             -0.841983           -6.00441            
5.88858             -1.05285            -6.00482            
5.80505             -1.27554            -6.00536            
5.71274             -1.47452            -6.00602            
5.59725             -1.68147            -6.00672            
5.47689             -1.86328            -6.00746            
5.33214             -2.04908            -6.00824            
5.18614             -2.20937            -6.00864            
5.01539             -2.37019            -6.00887            
4.84713             -2.50609            -6.00878            
4.65462             -2.63904            -6.00842            
4.46853             -2.74835            -6.00824            
4.25901             -2.85137            -6.00814            
4.05983             -2.93166            -6.00826            
3.85625             -2.99744            -6.00842            
3.63207             -3.05206            -6.00873            
3.42285             -3.08692            -6.00906            
3.19509             -3.10785            -6.00898            
2.98475             -3.11162            -6.00882            
2.75804             -3.09905            -6.00855            
2.53369             -3.06933            -6.00825            
2.32953             -3.02679            -6.0081             
2.11224             -2.96499            -6.00774            
1.91657             -2.89383            -6.00734            
1.71098             -2.802              -6.00699            
1.52835             -2.70429            -6.00682            
1.33899             -2.5851             -6.00658            
1.17304             -2.46334            -6.00624            
1.00359             -2.31953            -6.00585            
0.857203            -2.17665            -6.00554            
0.710133            -2.01153            -6.00529            
0.585738            -1.85033            -6.00512            
0.463875            -1.66705            -6.00477            
0.363732            -1.49048            -6.00427            
0.269267            -1.29225            -6.0036             
0.195508            -1.10423            -6.00293            
0.130123            -0.895869           -6.0022             
0.0834343           -0.700124           -6.00157            
0.0478771           -0.485437           -6.00084            
0.0293176           -0.285647           -6.00009            
0.0244112           -0.0683005          -5.99928            
0.0342651           0.132315            -5.99859            
0.0605362           0.348384            -5.99767            
0.102517            0.561926            -5.99649            
0.155124            0.755888            -5.9953             
0.226811            0.96167             -5.99418            
0.306108            1.14674             -5.99332            
0.405816            1.3408              -5.99244            
0.510262            1.51335             -5.99167            
0.63634             1.6925              -5.99105            
0.764005            1.84993             -5.9905             
0.914338            2.01115             -5.99003            
1.06388             2.15048             -5.98955            
1.20962             2.26948             -5.98898            
1.3917              2.39888             -5.98803            
1.56855             2.50661             -5.98703            
1.76839             2.60949             -5.98605            
1.9597              2.691               -5.98547            
2.17357             2.76433             -5.98514            
2.37588             2.81747             -5.98491            
2.59891             2.85925             -5.98442            
2.80763             2.88297             -5.98384            
3.03601             2.89204             -5.98338            
3.2477              2.88489             -5.98327            
3.47675             2.86027             -5.98352            
3.70384             2.81822             -5.98388            
3.91037             2.76393             -5.98428            
4.12937             2.68844             -5.98486            
4.32609             2.60366             -5.98553            
4.53205             2.4959              -5.98657            
4.71462             2.38226             -5.98789            
4.90324             2.24415             -5.98945            
5.06752             2.10344             -5.99096            
5.23381             1.93745             -5.99273            
5.37569             1.77271             -5.99447            
5.51559             1.58296             -5.99659            
5.63109             1.39847             -5.99862            
5.74053             1.18973             -6.00083            
5.82645             0.989786            -6.00292            
5.90277             0.766361            -6.0049             
5.95738             0.555341            -6.00651            
5.9991              0.323025            -6.00788            
6.02089             0.106083            -6.00882            
6.02622             -0.130446           -6.00995            
6.01433             -0.348941           -6.01111            
5.98334             -0.584086           -6.01237            
5.93412             -0.815902           -6.01317            
5.8727              -1.02563            -6.01337            
5.78941             -1.24725            -6.01333            
5.69771             -1.4454             -6.01337            
5.58286             -1.65152            -6.01341            
5.46303             -1.83275            -6.01327            
5.31912             -2.01828            -6.01287            
5.17403             -2.17864            -6.01261            
5.0045              -2.33994            -6.01264            
4.83766             -2.4768             -6.0127             
4.64715             -2.61139            -6.01254            
4.46318             -2.72216            -6.01231            
4.2562              -2.82665            -6.01188            
4.05923             -2.90815            -6.01143            
3.8406              -2.98015            -6.01079            
3.6348              -3.03143            -6.01021            
3.40905             -3.07018            -6.00945            
3.19938             -3.09034            -6.00867            
2.97208             -3.09494            -6.00779            
2.7634              -3.08313            -6.00698            
2.53991             -3.05339            -6.00625            
2.33688             -3.01088            -6.00536            
2.1212              -2.9491             -6.00448            
1.91154             -2.87163            -6.00385            
1.72454             -2.78657            -6.00351            
1.53017             -2.68032            -6.00336            
1.35885             -2.57005            -6.00324            
1.18277             -2.43792            -6.00318            
1.02976             -2.30468            -6.0031             
0.874942            -2.14886            -6.00274            
0.742924            -1.99556            -6.00231            
0.61224             -1.82024            -6.00185            
0.503614            -1.65052            -6.00139            
0.399425            -1.45915            -6.00078            
0.316076            -1.27649            -6.00003            
0.239898            -1.07305            -5.99898            
0.182672            -0.881118           -5.99805            
0.135233            -0.669629           -5.99731            
0.105358            -0.47181            -5.99693            
0.0879748           -0.255785           -5.99655            
0.0856404           -0.055679           -5.99614            
0.0967058           0.144242            -5.9958             
0.123786            0.359666            -5.99546            
0.162177            0.556444            -5.99497            
0.218051            0.766335            -5.99416            
0.288969            0.971675            -5.9934             
0.367056            1.15596             -5.99272            
0.464748            1.34905             -5.99214            
0.567016            1.52051             -5.99171            
0.69061             1.69806             -5.99131            
0.816171            1.85352             -5.99096            
0.964258            2.01215             -5.9904             
1.11118             2.1483              -5.98983            
1.28074             2.2842              -5.98936            
1.44648             2.39879             -5.98898            
1.6349              2.51038             -5.98846            
1.81594             2.60111             -5.98797            
2.01882             2.68541             -5.98759            
2.21172             2.75011             -5.98722            
2.42582             2.80577             -5.98685            
2.62755             2.84317             -5.98663            
2.84955             2.86794             -5.98651            
3.05629             2.87571             -5.98647            
3.28093             2.86743             -5.98654            
3.48761             2.8444              -5.98665            
3.70974             2.80322             -5.98687            
3.92856             2.74478             -5.98722            
4.12632             2.67533             -5.9877             
4.33489             2.58392             -5.98814            
4.52104             2.48495             -5.98863            
4.71468             2.36229             -5.98931            
4.88506             2.23517             -5.98977            
5.05906             2.083               -5.99015            
5.20895             1.93007             -5.99059            
5.35884             1.75199             -5.99123            
5.48482             1.57686             -5.99194            
5.60659             1.37674             -5.99285            
5.70478             1.18346             -5.99407            
5.79504             0.965748            -5.99545            
5.86322             0.758336            -5.99676            
5.91981             0.52795             -5.99819            
5.95558             0.311103            -5.99952            
5.97588             0.0727929           -6.00099            
5.97741             -0.148827           -6.0022             
5.96056             -0.389158           -6.00346            
5.92815             -0.609561           -6.00455            
5.87506             -0.845422           -6.00575            
5.80942             -1.05897            -6.00688            
5.72048             -1.28407            -6.00804            
5.61355             -1.50118            -6.00898            
5.49956             -1.69353            -6.00964            
5.36023             -1.89178            -6.01024            
5.21801             -2.06444            -6.01052            
5.05015             -2.23925            -6.01058            
4.88334             -2.38842            -6.01066            
4.69079             -2.53527            -6.01081            
4.50381             -2.65657            -6.01114            
4.29249             -2.77147            -6.01153            
4.09025             -2.86189            -6.01176            
3.86485             -2.94297            -6.01191            
3.65227             -3.00163            -6.01194            
3.41879             -3.04731            -6.01181            
3.20159             -3.07306            -6.01154            
2.96558             -3.08328            -6.01112            
2.74828             -3.07632            -6.01055            
2.51457             -3.05115            -6.00971            
2.3021              -3.01208            -6.00907            
2.07642             -2.95322            -6.00883            
1.87347             -2.88379            -6.00902            
1.66058             -2.79282            -6.0092             
1.47161             -2.69479            -6.00922            
1.27621             -2.57394            -6.00891            
1.0912              -2.43869            -6.00836            
0.930663            -2.30186            -6.00791            
0.780476            -2.15434            -6.00744            
0.641525            -1.99673            -6.00669            
0.504461            -1.81511            -6.00563            
0.390972            -1.6384             -6.00439            
0.282643            -1.4384             -6.00292            
0.196327            -1.24721            -6.00154            
0.118213            -1.03409            -6.0003             
0.0606946           -0.832635           -5.9991             
0.0145504           -0.610749           -5.99779            
-0.0128427          -0.403787           -5.99672            
-0.0261603          -0.178183           -5.99569            
-0.0232199          0.0301417           -5.99479            
-0.00351367         0.254738            -5.99395            
0.0293065           0.459823            -5.99334            
0.0801101           0.678575            -5.99276            
0.141076            0.87651             -5.99239            
0.222041            1.08534             -5.99195            
0.310243            1.27218             -5.9916             
0.420164            1.46696             -5.99131            
0.534154            1.63906             -5.99096            
0.670262            1.81603             -5.99041            
0.818983            1.98235             -5.98965            
0.966815            2.12583             -5.98888            
1.13758             2.26951             -5.98804            
1.30407             2.39085             -5.98728            
1.49331             2.50892             -5.98654            
1.67548             2.60501             -5.98583            
1.87997             2.6947              -5.98511            
2.07475             2.76376             -5.9847             
2.29134             2.82324             -5.98446            
2.49552             2.86354             -5.9845             
2.71962             2.89072             -5.9848             
2.92811             2.90067             -5.98522            
3.15495             2.89505             -5.98549            
3.36433             2.87469             -5.98553            
3.59009             2.83618             -5.98577            
3.79646             2.78559             -5.98622            
4.01602             2.71487             -5.987              
4.21409             2.635               -5.98806            
4.42246             2.53268             -5.98928            
4.60796             2.42368             -5.99019            
4.80029             2.29041             -5.99097            
4.96875             2.15405             -5.99166            
5.14061             1.99262             -5.99271            
5.30022             1.81749             -5.99398            
5.43565             1.64472             -5.99517            
5.56843             1.44718             -5.99657            
5.67697             1.25613             -5.99805            
5.77866             1.04053             -5.9996             
5.85744             0.834445            -6.00094            
5.92597             0.605138            -6.00225            
5.97326             0.389038            -6.0034             
6.00669             0.151458            -6.00452            
6.02106             -0.0696854          -6.00537            
6.01841             -0.30953            -6.00645            
5.99919             -0.529526           -6.00756            
5.96037             -0.76518            -6.00856            
5.90823             -0.978921           -6.00937            
5.83437             -1.20509            -6.00988            
5.7508              -1.40763            -6.01032            
5.64443             -1.61905            -6.01074            
5.53201             -1.80578            -6.01114            
5.39564             -1.99761            -6.01166            
5.25738             -2.16379            -6.0122             
5.09541             -2.33069            -6.0129             
4.92181             -2.48324            -6.01336            
4.75204             -2.61131            -6.01376            
4.55898             -2.73565            -6.0141             
4.37361             -2.8366             -6.01411            
4.16589             -2.93071            -6.01383            
3.96907             -3.00263            -6.01359            
3.75182             -3.06434            -6.01355            
3.54871             -3.10643            -6.01349            
3.3269              -3.13577            -6.01323            
3.12124             -3.14792            -6.01296            
2.89873             -3.14491            -6.01274            
2.69435             -3.12767            -6.01249            
2.49191             -3.09695            -6.01234            
2.29235             -3.05313            -6.01215            
2.08054             -2.99092            -6.01198            
1.89004             -2.92011            -6.01177            
1.68993             -2.82926            -6.01134            
1.5121              -2.73275            -6.01074            
1.32768             -2.61531            -6.0101             
1.16558             -2.49598            -6.00946            
0.999716            -2.3553             -6.00894            
0.844943            -2.20294            -6.00853            
0.712515            -2.05292            -6.00794            
0.580755            -1.88111            -6.00722            
0.470494            -1.71495            -6.0066             
0.363898            -1.52764            -6.00576            
0.277936            -1.349              -6.00483            
0.198594            -1.15018            -6.00362            
0.138378            -0.962433           -6.00267            
0.0872378           -0.755212           -6.00167            
0.0529211           -0.561532           -6.00073            
0.0300128           -0.350374           -5.99963            
0.0220114           -0.155032           -5.99874            
0.0276148           0.0562145           -5.99802            
0.0459639           0.250295            -5.99766            
0.0794959           0.458542            -5.99722            
0.123164            0.648047            -5.99669            
0.183553            0.849494            -5.99608            
0.25137             1.03087             -5.99553            
0.337933            1.22166             -5.99505            
0.429494            1.39154             -5.99464            
0.540952            1.56798             -5.99406            
0.654766            1.72347             -5.99333            
0.789335            1.88313             -5.99231            
0.934783            2.03267             -5.99109            
1.07811             2.16141             -5.98996            
1.24237             2.29022             -5.98877            
1.40197             2.39854             -5.98779            
1.58309             2.50367             -5.98711            
1.75731             2.58911             -5.9866             
1.95301             2.66895             -5.98615            
2.13912             2.73025             -5.98589            
2.34556             2.78261             -5.98587            
2.5398              2.81766             -5.98596            
2.75338             2.84084             -5.98586            
2.95246             2.84813             -5.98596            
3.16896             2.84051             -5.98631            
3.36886             2.8191              -5.98664            
3.58429             2.78037             -5.98684            
3.78111             2.73016             -5.98691            
3.99133             2.6601              -5.98711            
4.18139             2.58108             -5.98742            
4.38156             2.48044             -5.98784            
4.56007             2.37381             -5.9885             
4.74571             2.24384             -5.98939            
4.90873             2.11096             -5.9903             
5.07559             1.95377             -5.99132            
5.23113             1.78328             -5.9922             
5.36339             1.61459             -5.99294            
5.49371             1.42056             -5.99389            
5.60109             1.23204             -5.99468            
5.70233             1.019               -5.99553            
5.78102             0.815191            -5.99636            
5.8494              0.587661            -5.99719            
5.89658             0.372371            -5.998              
5.93028             0.134819            -5.99892            
5.94464             -0.0871262          -5.99982            
5.94158             -0.328918           -6.00085            
5.92147             -0.551939           -6.00216            
5.88118             -0.791656           -6.00378            
5.82711             -1.00978            -6.00526            
5.7504              -1.24135            -6.00674            
5.66329             -1.44929            -6.00795            
5.55181             -1.66692            -6.00912            
5.4337              -1.85953            -6.01015            
5.28999             -2.0576             -6.01119            
5.14313             -2.22931            -6.01215            
4.97008             -2.40226            -6.01341            
4.79881             -2.54888            -6.01462            
4.60186             -2.69237            -6.01544            
4.39403             -2.8193             -6.01595            
4.19374             -2.92116            -6.01607            
3.96921             -3.01385            -6.01607            
3.75657             -3.08259            -6.01596            
3.52158             -3.13866            -6.01594            
3.30218             -3.17335            -6.01607            
3.06345             -3.19245            -6.01607            
2.84307             -3.19305            -6.01598            
2.60558             -3.17522            -6.01569            
2.38853             -3.14207            -6.01518            
2.1574              -3.08843            -6.01451            
1.94942             -3.02302            -6.01388            
1.74762             -2.94303            -6.01331            
1.53707             -2.84059            -6.01252            
1.35108             -2.73231            -6.01155            
1.15988             -2.60081            -6.01037            
0.993531            -2.46714            -6.00912            
0.824588            -2.30982            -6.00761            
0.680094            -2.15404            -6.00611            
0.536702            -1.97516            -6.00443            
0.417433            -1.80145            -6.0027             
0.302957            -1.60488            -6.0007             
0.210868            -1.41684            -5.99891            
0.125933            -1.20712            -5.9972             
0.0568152           -0.992466           -5.9959             
0.00726901          -0.791161           -5.9948             
-0.0309838          -0.571047           -5.99372            
-0.0518883          -0.366874           -5.99295            
-0.0596395          -0.145708           -5.99217            
-0.0527177          0.0574192           -5.99159            
-0.0300351          0.275308            -5.99083            
0.00466953          0.474016            -5.99013            
0.0570126           0.685614            -5.98932            
0.118661            0.876523            -5.98859            
0.199449            1.07795             -5.98802            
0.28646             1.25806             -5.98787            
0.393686            1.44618             -5.98769            
0.504212            1.61236             -5.9874             
0.636214            1.78351             -5.98719            
0.768758            1.93285             -5.98692            
0.922997            2.08475             -5.9866             
1.0746              2.21509             -5.98617            
1.24818             2.34463             -5.98602            
1.4165              2.45299             -5.98597            
1.60693             2.55764             -5.98574            
1.80471             2.64856             -5.98537            
1.99277             2.71984             -5.98502            
2.20171             2.78304             -5.98482            
2.39888             2.82777             -5.98473            
2.61612             2.86091             -5.9846             
2.81882             2.87749             -5.98449            
3.03997             2.88015             -5.98446            
3.2445              2.86853             -5.98447            
3.46501             2.84044             -5.98461            
3.66678             2.80047             -5.98462            
3.88259             2.74222             -5.98451            
4.07835             2.67438             -5.98455            
4.28515             2.58578             -5.9851             
4.47043             2.49017             -5.98591            
4.66416             2.37193             -5.98691            
4.8353              2.24988             -5.98762            
5.01114             2.10386             -5.98839            
5.16414             1.95682             -5.98925            
5.31832             1.78517             -5.99034            
5.44887             1.61622             -5.99136            
5.57672             1.42241             -5.99244            
5.68152             1.23441             -5.99365            
5.78003             1.02215             -5.99521            
5.86192             0.80217             -5.99687            
5.92198             0.593384            -5.99832            
5.96983             0.361931            -5.99985            
5.99774             0.144766            -6.00127            
6.00994             -0.0924355          -6.00292            
6.00448             -0.311936           -6.00445            
5.9805              -0.549043           -6.00615            
5.94217             -0.765835           -6.00769            
5.88289             -0.99686            -6.00915            
5.81229             -1.20492            -6.01029            
5.71897             -1.42345            -6.0114             
5.61781             -1.61781            -6.01238            
5.49202             -1.8192             -6.01343            
5.36169             -1.9957             -6.01432            
5.20646             -2.17565            -6.01476            
5.05106             -2.33029            -6.01474            
4.8706              -2.4845             -6.01442            
4.69399             -2.61373            -6.01402            
4.49272             -2.73883            -6.01368            
4.29878             -2.84003            -6.01357            
4.08126             -2.93364            -6.01351            
3.87477             -3.00492            -6.01356            
3.64624             -3.06509            -6.01364            
3.41433             -3.10725            -6.01374            
3.19848             -3.13028            -6.01371            
2.96402             -3.13808            -6.01358            
2.74814             -3.12921            -6.01341            
2.51598             -3.10257            -6.01336            
2.30466             -3.06299            -6.01357            
2.08018             -3.00377            -6.01393            
1.87804             -2.93427            -6.01424            
1.666               -2.84354            -6.0144             
1.47745             -2.74617            -6.01435            
1.2818              -2.62687            -6.01403            
1.11039             -2.50485            -6.01347            
0.935654            -2.36048            -6.01255            
0.785201            -2.2166             -6.01161            
0.657045            -2.07604            -6.01076            
0.517965            -1.9004             -6.00982            
0.401943            -1.7304             -6.00898            
0.290336            -1.53854            -6.00812            
0.200708            -1.35529            -6.00738            
0.119016            -1.15105            -6.00631            
0.0582037           -0.958608           -6.00526            
0.00807672          -0.747168           -6.00413            
-0.0257921          -0.533017           -6.00279            
-0.0426714          -0.3337             -6.00129            
-0.0453445          -0.11737            -5.99939            
-0.0338353          0.0816655           -5.99737            
-0.00598913         0.295884            -5.99521            
0.03344             0.491561            -5.99349            
0.0907108           0.700381            -5.99172            
0.156654            0.888927            -5.99014            
0.241936            1.08743             -5.98856            
0.33335             1.26465             -5.98704            
0.445662            1.44941             -5.98536            
0.561332            1.61249             -5.98381            
0.698844            1.78016             -5.98259            
0.836321            1.9261              -5.98193            
0.995987            2.07357             -5.98114            
1.15242             2.19921             -5.98048            
1.33112             2.32347             -5.9799             
1.50418             2.42665             -5.97954            
1.69985             2.5252              -5.97939            
1.88684             2.60352             -5.97932            
2.09533             2.67431             -5.97944            
2.29268             2.72651             -5.97964            
2.51118             2.76865             -5.97994            
2.7333              2.79518             -5.98047            
2.94043             2.80539             -5.98122            
3.1657              2.80037             -5.98214            
3.37351             2.78056             -5.983              
3.59745             2.74276             -5.98406            
3.80198             2.69275             -5.98493            
4.02005             2.62224             -5.98596            
4.2172              2.54253             -5.98703            
4.42487             2.44059             -5.98814            
4.60993             2.3326              -5.9889             
4.80191             2.20088             -5.98975            
4.97008             2.0657              -5.99064            
5.14106             1.90531             -5.9918             
5.28786             1.74535             -5.993              
5.4341              1.56004             -5.99407            
5.55589             1.37888             -5.99494            
5.67236             1.17271             -5.99584            
5.76483             0.974012            -5.99665            
5.8481              0.750566            -5.9976             
5.90886             0.538309            -5.99873            
5.95649             0.303352            -6.00013            
5.9834              0.0832961           -6.00135            
5.99387             -0.157171           -6.00245            
5.98446             -0.398008           -6.00355            
5.95829             -0.619272           -6.00476            
5.91143             -0.856276           -6.00605            
5.85136             -1.071              -6.00697            
5.76812             -1.29772            -6.00784            
5.6748              -1.50043            -6.0087             
5.55647             -1.71143            -6.00969            
5.43208             -1.89706            -6.01074            
5.28194             -2.08667            -6.01189            
5.13009             -2.25002            -6.01288            
4.95238             -2.41348            -6.01389            
4.77712             -2.55105            -6.01487            
4.57639             -2.68456            -6.01605            
4.38244             -2.7926             -6.0172             
4.16422             -2.89265            -6.01822            
3.95635             -2.96893            -6.01861            
3.72565             -3.03349            -6.01847            
3.50924             -3.07634            -6.01817            
3.27279             -3.10467            -6.01777            
3.05389             -3.11387            -6.01758            
2.81719             -3.10549            -6.01744            
2.60071             -3.08129            -6.01726            
2.36993             -3.03802            -6.0168             
2.14439             -2.97732            -6.01598            
1.94185             -2.90626            -6.0149             
1.72949             -2.81365            -6.01334            
1.54137             -2.71459            -6.01162            
1.34721             -2.59349            -6.00982            
1.17731             -2.46992            -6.00827            
1.00431             -2.32364            -6.00666            
0.855589            -2.1778             -6.00525            
0.707003            -2.00922            -6.00377            
0.581872            -1.84466            -6.00239            
0.459555            -1.6579             -6.00101            
0.359233            -1.47888            -5.99987            
0.264856            -1.27848            -5.99877            
0.191428            -1.08862            -5.99785            
0.126709            -0.878506           -5.99707            
0.0810181           -0.681637           -5.99639            
0.0469547           -0.466493           -5.99547            
0.0298843           -0.266876           -5.99475            
0.0269033           -0.0504134          -5.99403            
0.0383973           0.148939            -5.9932             
0.0630037           0.347063            -5.99226            
0.104404            0.559635            -5.99134            
0.156161            0.752898            -5.99052            
0.226384            0.957809            -5.98935            
0.304017            1.14165             -5.98827            
0.401856            1.33402             -5.98735            
0.5048              1.50489             -5.98656            
0.629522            1.6821              -5.98558            
0.756345            1.83708             -5.98448            
0.905754            1.9951              -5.9832             
1.05393             2.13125             -5.98215            
1.22462             2.26726             -5.98124            
1.39115             2.38162             -5.9806             
1.58051             2.4925              -5.98021            
1.7627              2.58219             -5.98014            
1.96674             2.66512             -5.98015            
2.16078             2.72812             -5.98038            
2.37639             2.78128             -5.98065            
2.57935             2.81588             -5.98069            
2.80206             2.83721             -5.98075            
3.00941             2.84197             -5.98093            
3.235               2.83073             -5.98132            
3.4431              2.8051              -5.98177            
3.66689             2.76091             -5.98226            
3.8878              2.69978             -5.9831             
4.08819             2.62802             -5.98399            
4.2999              2.53393             -5.98493            
4.48893             2.43242             -5.98582            
4.68549             2.30716             -5.98679            
4.85815             2.17797             -5.9877             
5.03454             2.02409             -5.98885            
5.18663             1.86962             -5.98993            
5.33888             1.68973             -5.99109            
5.46718             1.51278             -5.99215            
5.59187             1.31013             -5.99334            
5.6929              1.1143              -5.99454            
5.78628             0.89415             -5.99586            
5.85702             0.684714            -5.99717            
5.91603             0.452181            -5.99866            
5.95368             0.233509            -5.99999            
5.97548             -0.00622894         -6.00162            
5.97808             -0.228585           -6.00332            
5.96231             -0.469204           -6.00553            
5.93098             -0.689616           -6.00769            
5.87899             -0.924757           -6.00986            
