-0.00612679         0.0206691           
-0.00665254         0.0203744           
-0.0166189          0.0260082           
-0.049513           0.0480174           
-0.102202           0.0858515           
-0.180684           0.144421            
-0.269963           0.213737            
-0.381862           0.30447             
-0.496335           0.402433            
-0.62861            0.523271            
-0.755252           0.64755             
-0.893729           0.794643            
-1.02993            0.953657            
-1.15058            1.1099              
-1.27268            1.28816             
-1.37443            1.46018             
-1.47037            1.65378             
-1.54397            1.83822             
-1.6055             2.04239             
-1.64391            2.23351             
-1.66444            2.44199             
-1.66296            2.63402             
-1.63919            2.83971             
-1.59671            3.02583             
-1.52902            3.22155             
-1.44708            3.39511             
-1.33731            3.57338             
-1.21788            3.72747             
-1.07003            3.88182             
-0.917997           4.01173             
-0.737787           4.1385              
-0.558698           4.24256             
-0.352268           4.34131             
-0.151785           4.41956             
0.0746474           4.49046             
0.309502            4.54711             
0.532591            4.58758             
0.779734            4.61882             
1.0118              4.63668             
1.26606             4.64483             
1.50245             4.64252             
1.75931             4.63035             
1.99656             4.61075             
2.23292             4.58387             
2.46788             4.55041             
2.72047             4.50752             
2.95123             4.46245             
3.19788             4.40808             
3.42214             4.35336             
3.66109             4.28925             
3.87791             4.2264              
4.10872             4.15479             
4.31774             4.08541             
4.54001             4.00679             
4.74124             3.93133             
4.95458             3.84639             
5.16289             3.75815             
5.35106             3.67378             
5.55037             3.57923             
5.72997             3.4888              
5.92005             3.38708             
6.09132             3.2895              
6.27204             3.1795              
6.4345              3.07379             
6.60565             2.95436             
6.75901             2.83945             
6.9197              2.7098              
7.06255             2.58505             
7.21069             2.44392             
7.3413              2.30814             
7.47567             2.155               
7.59269             2.00803             
7.71112             1.84278             
7.81215             1.68499             
7.91236             1.50848             
7.99607             1.34072             
8.0766              1.15401             
8.14556             0.962035            
8.19876             0.780379            
8.24417             0.579544            
8.27429             0.391214            
8.29388             0.184645            
8.29992             -0.00767786         
8.29315             -0.216769           
8.27422             -0.409545           
8.24012             -0.617475           
8.19629             -0.807723           
8.13551             -1.01113            
8.06716             -1.19535            
7.9796              -1.38992            
7.88683             -1.56413            
7.7738              -1.74683            
7.6581              -1.90898            
7.52111             -2.07675            
7.38451             -2.22351            
7.2262              -2.3728             
7.07093             -2.50099            
6.89338             -2.62888            
6.70659             -2.74473            
6.52672             -2.84055            
6.3248              -2.93164            
6.13287             -3.00368            
5.91996             -3.06843            
5.71971             -3.11563            
5.49917             -3.15274            
5.29322             -3.17376            
5.06883             -3.18234            
4.86126             -3.17693            
4.63751             -3.15637            
4.43295             -3.12405            
4.21413             -3.07472            
4.01582             -3.01615            
3.80606             -2.93874            
3.61818             -2.85461            
3.42182             -2.74971            
3.24825             -2.64094            
3.06942             -2.51094            
2.91327             -2.38029            
2.75461             -2.22794            
2.61871             -2.07798            
2.4832              -1.9062             
2.3605              -1.72551            
2.25913             -1.55166            
2.16322             -1.35612            
2.08793             -1.16986            
2.02119             -0.963117           
1.97317             -0.768225           
1.93588             -0.553949           
1.91499             -0.354443           
1.9071              -0.137425           
1.91343             0.0628934           
1.93499             0.278846            
1.96831             0.476505            
2.01855             0.687737            
2.07803             0.879026            
2.15663             1.08157             
2.24223             1.26322             
2.34002             1.43936             
2.44904             1.609               
2.57921             1.78454             
2.71012             1.93827             
2.86338             2.09518             
3.02819             2.24131             
3.18948             2.36562             
3.37314             2.48821             
3.55051             2.58959             
3.75003             2.68625             
3.94039             2.76306             
4.15241             2.83234             
4.35268             2.88299             
4.57375             2.92265             
4.78064             2.94495             
5.00642             2.95319             
5.21511             2.94585             
5.44018             2.92189             
5.64653             2.88542             
5.86748             2.83029             
6.06784             2.76532             
6.27989             2.67979             
6.47002             2.58684             
6.66866             2.47103             
6.84402             2.35078             
7.02411             2.20693             
7.18027             2.06245             
7.33784             1.89415             
7.48214             1.7144              
7.60271             1.53881             
7.71885             1.33942             
7.81206             1.14769             
7.89732             0.932736            
7.96116             0.728577            
8.0137              0.50241             
8.04636             0.290212            
8.06468             0.0581928           
8.06573             -0.156754           
8.04991             -0.389213           
8.02002             -0.602153           
7.97113             -0.829621           
7.91085             -1.03546            
7.8293              -1.25276            
7.73934             -1.44687            
7.6263              -1.64896            
7.50839             -1.8271             
7.36683             -2.00988            
7.22444             -2.16836            
7.05798             -2.32809            
6.89391             -2.46382            
6.70598             -2.59703            
6.50853             -2.71506            
6.31892             -2.8102             
6.10657             -2.89813            
5.90526             -2.96496            
5.68263             -3.02144            
5.47365             -3.05878            
5.24481             -3.08308            
5.03263             -3.09011            
4.80262             -3.08109            
4.59151             -3.05767            
4.36543             -3.01592            
4.16016             -2.96209            
3.9429              -2.88787            
3.74795             -2.80501            
3.54402             -2.70018            
3.36317             -2.59011            
3.17664             -2.45693            
3.01394             -2.32205            
2.84885             -2.16408            
2.70761             -2.00824            
2.56718             -1.82927            
2.44051             -1.64065            
2.33661             -1.45921            
2.23873             -1.25537            
2.16211             -1.06144            
2.0943              -0.846236           
2.04598             -0.644035           
2.00939             -0.422671           
1.99042             -0.216959           
1.98604             0.00652498          
1.9969              0.212461            
2.02484             0.43404             
2.06512             0.635986            
2.12409             0.850823            
2.19263             1.04477             
2.28211             1.24939             
2.37832             1.43215             
2.49678             1.62221             
2.61869             1.78949             
2.76398             1.96105             
2.90968             2.10985             
3.07913             2.25964             
3.26004             2.3967              
3.42131             2.50185             
3.60489             2.60444             
3.81197             2.70065             
4.00961             2.77548             
4.22959             2.84102             
4.43678             2.88678             
4.66479             2.91974             
4.87751             2.93472             
5.10928             2.93392             
5.32339             2.91739             
5.55423             2.88264             
5.76511             2.83498             
5.98975             2.76671             
6.19221             2.68867             
6.40491             2.58792             
6.59411             2.48043             
6.79041             2.34895             
6.96268             2.21418             
7.1386              2.05431             
7.2902              1.89461             
7.44139             1.7094              
7.57787             1.51249             
7.68967             1.32139             
7.79511             1.10547             
7.87724             0.899044            
7.94913             0.66895             
7.99948             0.451805            
8.03621             0.212918            
8.05336             -0.00988024         
8.05355             -0.252178           
8.03662             -0.475254           
8.00009             -0.714873           
7.94962             -0.93304            
7.87694             -1.16455            
7.79359             -1.37256            
7.68647             -1.58995            
7.57259             -1.7822             
7.43405             -1.98001            
7.29304             -2.1517             
7.12707             -2.32464            
6.96244             -2.4712             
6.77311             -2.61494            
6.58949             -2.73332            
6.38202             -2.84561            
6.16719             -2.94068            
5.9633              -3.01234            
5.73773             -3.07273            
5.52673             -3.11288            
5.29648             -3.13864            
5.08355             -3.14621            
4.8538              -3.13689            
4.64365             -3.11212            
4.41954             -3.06847            
4.21677             -3.01333            
4.00259             -2.93781            
3.81056             -2.8539             
3.60961             -2.74846            
3.43169             -2.63819            
3.2483              -2.50568            
3.0887              -2.37187            
2.92653             -2.21531            
2.78756             -2.06083            
2.64922             -1.88372            
2.53356             -1.7115             
2.42192             -1.51647            
2.32495             -1.31392            
2.24874             -1.12141            
2.18089             -0.907747           
2.13259             -0.706779           
2.09563             -0.486046           
2.07699             -0.297489           
2.07007             -0.0735823          
2.07818             0.132872            
2.10258             0.355417            
2.13894             0.558902            
2.19326             0.775902            
2.25692             0.971569            
2.34018             1.17741             
2.43011             1.36118             
2.54124             1.5529              
2.6559              1.7223              
2.79256             1.89707             
2.92965             2.0493              
3.0894              2.20353             
3.24705             2.3349              
3.42793             2.46449             
3.61818             2.58009             
3.80178             2.67405             
4.00808             2.76162             
4.20414             2.82846             
4.42175             2.88531             
4.62654             2.9229              
4.8514              2.9471              
5.06065             2.95391             
5.28782             2.94425             
5.49666             2.91967             
5.72113             2.87591             
5.92505             2.82006             
6.14093             2.74309             
6.33471             2.65699             
6.53717             2.54824             
6.71629             2.43378             
6.90104             2.29504             
7.06188             2.1539              
7.22431             1.98778             
7.36243             1.82306             
7.49833             1.63343             
7.61051             1.44889             
7.71708             1.23961             
7.80705             1.02209             
7.87493             0.814921            
7.93148             0.585026            
7.96773             0.369282            
7.98977             0.133112            
7.99434             -0.0856527          
7.98203             -0.321848           
7.9544              -0.538036           
7.90718             -0.769358           
7.84799             -0.979362           
7.76708             -1.20153            
7.67731             -1.39998            
7.5647              -1.60652            
7.44712             -1.78854            
7.30537             -1.97546            
7.16196             -2.13755            
6.99418             -2.30108            
6.82879             -2.4399             
6.63906             -2.57628            
6.45546             -2.68862            
6.24853             -2.79478            
6.03429             -2.88417            
5.83114             -2.95116            
5.60617             -3.00712            
5.39505             -3.04304            
5.16397             -3.06442            
4.94963             -3.06771            
4.71784             -3.05377            
4.50576             -3.02508            
4.27897             -2.97748            
4.07359             -2.9187             
3.85666             -2.83886            
3.66289             -2.75048            
3.46126             -2.63961            
3.28336             -2.52404            
3.10009             -2.38499            
2.94057             -2.24469            
2.77931             -2.08065            
2.64172             -1.91886            
2.50579             -1.73339            
2.39312             -1.55371            
2.28564             -1.35054            
2.19402             -1.13981            
2.12398             -0.939555           
2.06439             -0.717724           
2.02476             -0.509255           
1.99856             -0.280541           
1.98989             -0.0680263          
1.9971              0.162275            
2.01895             0.373884            
2.05905             0.601096            
2.11131             0.807769            
2.18408             1.02683             
2.26581             1.22357             
2.36097             1.41426             
2.47841             1.613               
2.59953             1.78846             
2.74399             1.9688              
2.88924             2.12499             
3.05882             2.28181             
3.22556             2.41451             
3.41613             2.54467             
3.61607             2.65991             
3.808               2.7525              
4.02308             2.83729             
4.22686             2.90089             
4.45225             2.95338             
4.66373             2.98617             
4.89529             3.00461             
5.11006             3.00594             
5.34241             2.99047             
5.55497             2.96059             
5.78226             2.91149             
5.98845             2.85078             
6.20649             2.76847             
6.40149             2.67788             
6.60462             2.56415             
6.78357             2.44534             
6.96727             2.30255             
7.12704             2.15864             
7.28844             1.99032             
7.4257              1.82403             
7.5604              1.63296             
7.67112             1.4475              
7.77571             1.23796             
7.86424             1.02071             
7.93108             0.814488            
7.98698             0.585979            
8.0229              0.371692            
8.04465             0.137164            
8.04893             -0.0799727          
8.03648             -0.314685           
8.00915             -0.529349           
7.96274             -0.758454           
7.90456             -0.965834           
7.82504             -1.18486            
7.73682             -1.38061            
7.62598             -1.58453            
7.51016             -1.76422            
7.37071             -1.94857            
7.23024             -2.10826            
7.06607             -2.26924            
6.90435             -2.40592            
6.71898             -2.54038            
6.53939             -2.65156            
6.33689             -2.75737            
6.12766             -2.84752            
5.92942             -2.91633            
5.7097              -2.97488            
5.5035              -3.01427            
5.27805             -3.04071            
5.06896             -3.05011            
4.84264             -3.04386            
4.63493             -3.02303            
4.41238             -2.98468            
4.21015             -2.935              
3.9956              -2.86585            
3.80286             -2.78784            
3.60092             -2.6882             
3.42159             -2.58284            
3.23613             -2.45501            
3.07397             -2.32517            
2.90884             -2.17236            
2.76711             -2.02065            
2.62591             -1.84569            
2.5075              -1.67542            
2.39293             -1.48226            
2.29332             -1.28125            
2.21505             -1.0894             
2.14569             -0.875745           
2.09588             -0.674029           
2.05776             -0.45205            
2.03749             -0.24497            
2.03175             -0.0195274          
2.0415              0.18856             
2.06836             0.413095            
2.10807             0.618187            
2.16716             0.836956            
2.23616             1.03458             
2.32611             1.24325             
2.42301             1.42981             
2.54276             1.62408             
2.66636             1.79498             
2.81344             1.96987             
2.96091             2.12106             
3.13258             2.27264             
3.30092             2.40029             
3.49295             2.52456             
3.69436             2.63358             
3.88767             2.72015             
4.08706             2.79282             
4.29122             2.85142             
4.51688             2.89842             
4.72794             2.92624             
4.95885             2.93972             
5.17283             2.93656             
5.40426             2.91616             
5.61622             2.88195             
5.84305             2.8284              
6.04892             2.76389             
6.2669              2.67768             
6.46205             2.58355             
6.66544             2.4662              
6.84456             2.34383             
7.02806             2.19694             
7.18657             2.04909             
7.34561             1.87624             
7.48                1.70568             
7.61121             1.51021             
7.72665             1.30483             
7.81872             1.10751             
7.90201             0.886526            
7.96325             0.677011            
8.01209             0.445489            
8.04085             0.229076            
8.05412             -0.00655523         
8.04965             -0.224111           
8.02671             -0.458749           
7.98923             -0.672867           
7.93168             -0.900661           
7.863               -1.10592            
7.77229             -1.32145            
7.67434             -1.5128             
7.55373             -1.71089            
7.42963             -1.88449            
7.28169             -2.06167            
7.13344             -2.21401            
6.96124             -2.3662             
6.79261             -2.49423            
6.60065             -2.61896            
6.40038             -2.72928            
6.2091              -2.81784            
5.99564             -2.8985             
5.7936              -2.9584             
5.57083             -3.00717            
5.36262             -3.03718            
5.13553             -3.05329            
4.9256              -3.05309            
4.69907             -3.03651            
4.49166             -3.00608            
4.27011             -2.95716            
4.0697              -2.89761            
3.85792             -2.81789            
3.66843             -2.73053            
3.47067             -2.62164            
3.2958              -2.50836            
3.11628             -2.3725             
2.96074             -2.23574            
2.80353             -2.076              
2.66977             -1.91853            
2.53773             -1.73791            
2.42813             -1.56268            
2.32318             -1.36475            
2.23358             -1.15949            
2.16486             -0.964422           
2.10611             -0.748403           
2.06641             -0.545359           
2.03934             -0.32262            
2.02901             -0.115426           
2.03403             0.109292            
2.0536              0.315925            
2.0905              0.537841            
2.13919             0.740029            
2.20748             0.954745            
2.28451             1.1479              
2.38287             1.3503              
2.48688             1.53008             
2.61364             1.71638             
2.74272             1.87936             
2.89463             2.04537             
3.04532             2.18794             
3.21934             2.32992             
3.38884             2.44912             
3.58129             2.5646              
3.78208             2.6651              
3.97392             2.74421             
4.18779             2.81459             
4.38987             2.86496             
4.61268             2.90325             
4.82067             2.92367             
5.04712             2.92945             
5.25628             2.91952             
5.48207             2.89236             
5.68861             2.85205             
5.90918             2.79178             
6.1088              2.72109             
6.30332             2.63638             
6.49175             2.53815             
6.6876              2.41658             
6.85945             2.29118             
7.03478             2.14139             
7.18567             1.99108             
7.33646             1.81588             
7.46344             1.64372             
7.58706             1.4472              
7.6874              1.25732             
7.78066             1.0436              
7.85699             0.823275            
7.91174             0.615126            
7.95385             0.385429            
7.97641             0.170821            
7.98306             -0.0631279          
7.97286             -0.279126           
7.9442              -0.511637           
7.90186             -0.723419           
7.83931             -0.948221           
7.76688             -1.1503             
7.67293             -1.36212            
7.57217             -1.55007            
7.44832             -1.74457            
7.32132             -1.91509            
7.17078             -2.08904            
7.02067             -2.2388             
6.84695             -2.38855            
6.67729             -2.51443            
6.48456             -2.6366             
6.29951             -2.7358             
6.09234             -2.82798            
5.87936             -2.90378            
5.67854             -2.95873            
5.45787             -3.00166            
5.2524              -3.02597            
5.02888             -3.03539            
4.82288             -3.02857            
4.60149             -3.00483            
4.40017             -2.96826            
4.18639             -2.91298            
3.99386             -2.84759            
3.79134             -2.76138            
3.61103             -2.6684             
3.42425             -2.55399            
3.26057             -2.43638            
3.09327             -2.2968             
2.94829             -2.15725            
2.80208             -1.99501            
2.67828             -1.83599            
2.5569              -1.65428            
2.4572              -1.47825            
2.36245             -1.27992            
2.28813             -1.09078            
2.22218             -0.880499           
2.17176             -0.665718           
2.13931             -0.464412           
2.11944             -0.244225           
2.11551             -0.0399986          
2.12681             0.181388            
2.15174             0.38485             
2.19441             0.603108            
2.24811             0.801605            
2.32182             1.01227             
2.40427             1.20185             
2.50871             1.40081             
2.61854             1.57754             
2.7513              1.7604              
2.88612             1.92006             
3.04477             2.08244             
3.20214             2.22181             
3.38326             2.36025             
3.55958             2.47556             
3.75963             2.58627             
3.95191             2.67508             
4.16757             2.75601             
4.38929             2.82018             
4.59817             2.86404             
4.828               2.89437             
5.04248             2.90609             
5.27614             2.90108             
5.49189             2.88015             
5.72402             2.84016             
5.93549             2.78755             
6.1597              2.71359             
6.3608              2.63011             
6.57145             2.52335             
6.75807             2.41003             
6.95015             2.27183             
7.11704             2.13093             
7.28575             1.96477             
7.42946             1.80001             
7.57125             1.61003             
7.68828             1.425               
7.79929             1.21518             
7.88672             1.01413             
7.95361             0.824832            
8.01573             0.596198            
8.05912             0.363605            
8.08246             0.146607            
8.08953             -0.0897414          
8.07954             -0.307755           
8.05111             -0.542077           
8.00913             -0.755503           
7.94675             -0.982271           
7.87377             -1.18599            
7.77836             -1.39978            
7.67617             -1.58991            
7.55083             -1.78672            
7.42227             -1.95888            
7.26993             -2.13436            
7.11798             -2.28529            
6.94205             -2.43619            
6.77009             -2.56295            
6.57434             -2.68659            
6.38607             -2.78725            
6.1751              -2.88114            
5.97493             -2.95336            
5.75361             -3.01566            
5.52888             -3.06099            
5.31944             -3.08756            
5.0917              -3.09984            
4.88181             -3.09631            
4.65547             -3.07632            
4.44855             -3.04327            
4.22778             -2.99159            
4.02844             -2.92983            
3.81862             -2.8483             
3.63127             -2.7599             
3.43624             -2.65045            
3.26457             -2.53739            
3.08859             -2.40237            
2.93623             -2.26673            
2.78256             -2.10887            
2.65184             -1.95381            
2.523               -1.77667            
2.41607             -1.6056             
2.31369             -1.41291            
2.232               -1.22914            
2.15788             -1.0247             
2.09898             -0.815601           
2.05813             -0.619417           
2.02894             -0.404373           
2.01611             -0.204417           
2.01747             0.012937            
2.03257             0.213317            
2.064               0.428599            
2.10682             0.624764            
2.16805             0.833657            
2.23765             1.0222              
2.32693             1.22084             
2.42215             1.39837             
2.53887             1.58348             
2.6581              1.74663             
2.79918             1.91381             
2.93999             2.05854             
3.10347             2.20411             
3.2637              2.3277              
3.44628             2.44883             
3.62267             2.54788             
3.8214              2.64158             
4.01099             2.71522             
4.20562             2.77596             
4.40433             2.82342             
4.62293             2.85916             
4.82725             2.87742             
5.05017             2.88101             
5.25583             2.86933             
5.47739             2.84031             
5.67979             2.79861             
5.89572             2.73794             
6.09059             2.6677              
6.29556             2.57615             
6.47824             2.47771             
6.66804             2.35652             
6.8347              2.23161             
7.00509             2.08274             
7.1522              1.93338             
7.29961             1.75924             
7.42391             1.58801             
7.54498             1.39247             
7.64327             1.20383             
7.73438             0.991693            
7.8035              0.789515            
7.86168             0.564957            
7.90205             0.33622             
7.92306             0.12257             
7.92805             -0.110761           
7.91626             -0.326714           
7.88564             -0.55961            
7.84118             -0.772446           
7.77591             -0.999129           
7.70013             -1.20336            
7.60156             -1.41822            
7.49573             -1.60938            
7.36604             -1.80712            
7.23307             -1.98005            
7.07511             -2.15588            
6.9172              -2.30682            
6.73392             -2.45702            
6.55465             -2.58268            
6.35067             -2.70384            
6.15457             -2.80117            
5.93503             -2.89038            
5.72683             -2.95711            
5.49673             -3.01191            
5.26335             -3.0483             
5.04619             -3.06535            
4.81051             -3.06596            
4.59365             -3.05004            
4.36095             -3.01548            
4.14954             -2.96775            
3.92548             -2.89921            
3.72428             -2.82103            
3.51368             -2.72031            
3.32741             -2.61305            
3.13593             -2.48237            
2.96988             -2.34908            
2.80233             -2.19148            
2.65965             -2.03506            
2.51899             -1.85495            
2.40234             -1.67966            
2.29065             -1.48077            
2.20153             -1.28992            
2.12046             -1.07656            
2.06486             -0.891861           
2.01477             -0.669897           
1.98177             -0.445047           
1.9666              -0.235843           
1.96657             -0.00859045         
1.98165             0.200714            
2.01405             0.425766            
2.05848             0.630816            
2.12261             0.848811            
2.19633             1.04511             
2.29139             1.25157             
2.39256             1.43555             
2.51621             1.6265              
2.64284             1.79409             
2.79294             1.9655              
2.94248             2.11338             
3.11538             2.26163             
3.2845              2.3867              
3.47733             2.50887             
3.66348             2.60871             
3.87265             2.70223             
4.07168             2.77458             
4.29277             2.83726             
4.50092             2.8804              
4.72942             2.91087             
4.95962             2.92425             
5.17223             2.92097             
5.40173             2.90025             
5.61165             2.8657              
5.83597             2.81156             
6.03911             2.74652             
6.25319             2.66012             
6.44399             2.56577             
6.64234             2.44791             
6.81686             2.32543             
6.9956              2.17886             
7.15025             2.03147             
7.30565             1.85966             
7.43695             1.6909              
7.5651              1.498               
7.66945             1.31147             
7.76701             1.10149             
7.84213             0.901417            
7.90673             0.679384            
7.95086             0.470473            
7.98155             0.241269            
7.99365             0.0282224           
7.98918             -0.203051           
7.96684             -0.433571           
7.93051             -0.644343           
7.87389             -0.869317           
7.80617             -1.07271            
7.7164              -1.28701            
7.61889             -1.4784             
7.49789             -1.67759            
7.37256             -1.85271            
7.22283             -2.03161            
7.07196             -2.18593            
6.89602             -2.34064            
6.72337             -2.47136            
6.52613             -2.59871            
6.33539             -2.70252            
6.12095             -2.79894            
5.91686             -2.87273            
5.72542             -2.92734            
5.49534             -2.97575            
5.28074             -3.00447            
5.04736             -3.018              
4.83186             -3.01439            
4.59921             -2.99298            
4.36878             -2.9539             
4.15932             -2.90243            
3.93759             -2.83038            
3.73861             -2.74914            
3.53034             -2.64605            
3.34625             -2.53727            
3.15656             -2.40524            
2.99124             -2.27094            
2.82357             -2.11286            
2.68049             -1.9558             
2.5387              -1.77492            
2.42044             -1.59956            
2.3068              -1.40152            
2.21558             -1.21224            
2.13214             -1.00135            
2.07019             -0.802342           
2.01964             -0.582933           
1.98798             -0.377881           
1.97034             -0.154616           
1.96936             0.0515843           
1.98445             0.273769            
2.01302             0.476556            
2.05947             0.692855            
2.12192             0.904579            
2.19331             1.09492             
2.28512             1.29437             
2.38253             1.47142             
2.50125             1.65495             
2.62273             1.81633             
2.76636             1.98133             
2.90913             2.12365             
3.07443             2.26644             
3.23584             2.38699             
3.41938             2.50515             
3.59602             2.60197             
3.79424             2.6929              
3.98269             2.76355             
4.19167             2.82523             
4.38828             2.86843             
4.60408             2.90032             
4.80512             2.91569             
5.02397             2.91695             
5.22586             2.90402             
5.44336             2.87466             
5.65847             2.82955             
5.85347             2.77379             
6.05983             2.69834             
6.24502             2.61481             
6.43911             2.50987             
6.6113              2.40011             
6.78913             2.26814             
6.94442             2.13497             
7.10243             1.97901             
7.2382              1.82462             
7.37333             1.64698             
7.48669             1.47431             
7.5884              1.2941              
7.6775              1.10706             
