   0.0000000e+00  -2.0000000e-01
   1.0000000e-01  -1.9802503e-01
   2.0000000e-01  -1.9594408e-01
   3.0000000e-01  -1.9367069e-01
   4.0000000e-01  -1.9115664e-01
   5.0000000e-01  -1.8838205e-01
   6.0000000e-01  -1.8534687e-01
   7.0000000e-01  -1.8206415e-01
   8.0000000e-01  -1.7855507e-01
   9.0000000e-01  -1.7484523e-01
   1.0000000e+00  -1.7096220e-01
   1.1000000e+00  -1.6693375e-01
   1.2000000e+00  -1.6278685e-01
   1.3000000e+00  -1.5854693e-01
   1.4000000e+00  -1.5423756e-01
   1.5000000e+00  -1.4988029e-01
   1.6000000e+00  -1.4549460e-01
   1.7000000e+00  -1.4109796e-01
   1.8000000e+00  -1.3670593e-01
   1.9000000e+00  -1.3233231e-01
   2.0000000e+00  -1.2798926e-01
   2.1000000e+00  -1.2368743e-01
   2.2000000e+00  -1.1943616e-01
   2.3000000e+00  -1.1524354e-01
   2.4000000e+00  -1.1111658e-01
   2.5000000e+00  -1.0706131e-01
   2.6000000e+00  -1.0308287e-01
   2.7000000e+00  -9.9185621e-02
   2.8000000e+00  -9.5373204e-02
   2.9000000e+00  -9.1648637e-02
   3.0000000e+00  -8.8014363e-02
   3.1000000e+00  -8.4472315e-02
   3.2000000e+00  -8.1023965e-02
   3.3000000e+00  -7.7670371e-02
   3.4000000e+00  -7.4412218e-02
   3.5000000e+00  -7.1249858e-02
   3.6000000e+00  -6.8183336e-02
   3.7000000e+00  -6.5212429e-02
   3.8000000e+00  -6.2336665e-02
   3.9000000e+00  -5.9555353e-02
   4.0000000e+00  -5.6867605e-02
   4.1000000e+00  -5.4272354e-02
   4.2000000e+00  -5.1768374e-02
   4.3000000e+00  -4.9354299e-02
   4.4000000e+00  -4.7028638e-02
   4.5000000e+00  -4.4789790e-02
   4.6000000e+00  -4.2636055e-02
   4.7000000e+00  -4.0565654e-02
   4.8000000e+00  -3.8576732e-02
   4.9000000e+00  -3.6667377e-02
   5.0000000e+00  -3.4835623e-02
   5.1000000e+00  -3.3079468e-02
   5.2000000e+00  -3.1396874e-02
   5.3000000e+00  -2.9785780e-02
   5.4000000e+00  -2.8244113e-02
   5.5000000e+00  -2.6769786e-02
   5.6000000e+00  -2.5360712e-02
   5.7000000e+00  -2.4014809e-02
   5.8000000e+00  -2.2730002e-02
   5.9000000e+00  -2.1504230e-02
   6.0000000e+00  -2.0335453e-02
   6.1000000e+00  -1.9221651e-02
   6.2000000e+00  -1.8160835e-02
   6.3000000e+00  -1.7151040e-02
   6.4000000e+00  -1.6190341e-02
   6.5000000e+00  -1.5276842e-02
   6.6000000e+00  -1.4408689e-02
   6.7000000e+00  -1.3584068e-02
   6.8000000e+00  -1.2801205e-02
   6.9000000e+00  -1.2058370e-02
   7.0000000e+00  -1.1353878e-02
   7.1000000e+00  -1.0686089e-02
   7.2000000e+00  -1.0053408e-02
   7.3000000e+00  -9.4542881e-03
   7.4000000e+00  -8.8872289e-03
   7.5000000e+00  -8.3507772e-03
   7.6000000e+00  -7.8435268e-03
   7.7000000e+00  -7.3641187e-03
   7.8000000e+00  -6.9112407e-03
   7.9000000e+00  -6.4836269e-03
   8.0000000e+00  -6.0800574e-03
   8.1000000e+00  -5.6993575e-03
   8.2000000e+00  -5.3403971e-03
   8.3000000e+00  -5.0020902e-03
   8.4000000e+00  -4.6833936e-03
   8.5000000e+00  -4.3833063e-03
   8.6000000e+00  -4.1008687e-03
   8.7000000e+00  -3.8351613e-03
   8.8000000e+00  -3.5853038e-03
   8.9000000e+00  -3.3504542e-03
   9.0000000e+00  -3.1298076e-03
   9.1000000e+00  -2.9225952e-03
   9.2000000e+00  -2.7280830e-03
   9.3000000e+00  -2.5455710e-03
   9.4000000e+00  -2.3743919e-03
   9.5000000e+00  -2.2139100e-03
   9.6000000e+00  -2.0635202e-03
   9.7000000e+00  -1.9226470e-03
   9.8000000e+00  -1.7907429e-03
   9.9000000e+00  -1.6672881e-03
   1.0000000e+01  -1.5517887e-03
   1.0100000e+01  -1.4437763e-03
   1.0200000e+01  -1.3428065e-03
   1.0300000e+01  -1.2484582e-03
   1.0400000e+01  -1.1603325e-03
   1.0500000e+01  -1.0780519e-03
   1.0600000e+01  -1.0012589e-03
   1.0700000e+01  -9.2961587e-04
   1.0800000e+01  -8.6280343e-04
   1.0900000e+01  -8.0052009e-04
   1.1000000e+01  -7.4248119e-04
   1.1100000e+01  -6.8841817e-04
   1.1200000e+01  -6.3807782e-04
   1.1300000e+01  -5.9122149e-04
   1.1400000e+01  -5.4762438e-04
   1.1500000e+01  -5.0707488e-04
   1.1600000e+01  -4.6937387e-04
   1.1700000e+01  -4.3433410e-04
   1.1800000e+01  -4.0177954e-04
   1.1900000e+01  -3.7154485e-04
   1.2000000e+01  -3.4347475e-04
   1.2100000e+01  -3.1742353e-04
   1.2200000e+01  -2.9325449e-04
   1.2300000e+01  -2.7083947e-04
   1.2400000e+01  -2.5005838e-04
   1.2500000e+01  -2.3079872e-04
   1.2600000e+01  -2.1295516e-04
   1.2700000e+01  -1.9642916e-04
   1.2800000e+01  -1.8112855e-04
   1.2900000e+01  -1.6696713e-04
   1.3000000e+01  -1.5386440e-04
   1.3100000e+01  -1.4174513e-04
   1.3200000e+01  -1.3053911e-04
   1.3300000e+01  -1.2018081e-04
   1.3400000e+01  -1.1060913e-04
   1.3500000e+01  -1.0176707e-04
   1.3600000e+01  -9.3601532e-05
   1.3700000e+01  -8.6063057e-05
   1.3800000e+01  -7.9105585e-05
   1.3900000e+01  -7.2686250e-05
   1.4000000e+01  -6.6765171e-05
   1.4100000e+01  -6.1305266e-05
   1.4200000e+01  -5.6272061e-05
   1.4300000e+01  -5.1633527e-05
   1.4400000e+01  -4.7359915e-05
   1.4500000e+01  -4.3423605e-05
   1.4600000e+01  -3.9798966e-05
   1.4700000e+01  -3.6462220e-05
   1.4800000e+01  -3.3391316e-05
   1.4900000e+01  -3.0565816e-05
   1.5000000e+01  -2.7966780e-05
   1.5100000e+01  -2.5576666e-05
   1.5200000e+01  -2.3379230e-05
   1.5300000e+01  -2.1359438e-05
   1.5400000e+01  -1.9503380e-05
   1.5500000e+01  -1.7798190e-05
   1.5600000e+01  -1.6231973e-05
   1.5700000e+01  -1.4793734e-05
   1.5800000e+01  -1.3473316e-05
   1.5900000e+01  -1.2261334e-05
   1.6000000e+01  -1.1149127e-05
   1.6100000e+01  -1.0128699e-05
   1.6200000e+01  -9.1926716e-06
   1.6300000e+01  -8.3342394e-06
   1.6400000e+01  -7.5471271e-06
   1.6500000e+01  -6.8255499e-06
   1.6600000e+01  -6.1641771e-06
   1.6700000e+01  -5.5580974e-06
   1.6800000e+01  -5.0027880e-06
   1.6900000e+01  -4.4940846e-06
   1.7000000e+01  -4.0281543e-06
   1.7100000e+01  -3.6014701e-06
   1.7200000e+01  -3.2107877e-06
   1.7300000e+01  -2.8531234e-06
   1.7400000e+01  -2.5257341e-06
   1.7500000e+01  -2.2260984e-06
   1.7600000e+01  -1.9518997e-06
   1.7700000e+01  -1.7010095e-06
   1.7800000e+01  -1.4714734e-06
   1.7900000e+01  -1.2614965e-06
   1.8000000e+01  -1.0694316e-06
   1.8100000e+01  -8.9376691e-07
   1.8200000e+01  -7.3311529e-07
   1.8300000e+01  -5.8620449e-07
   1.8400000e+01  -4.5186782e-07
   1.8500000e+01  -3.2903558e-07
   1.8600000e+01  -2.1672729e-07
   1.8700000e+01  -1.1404445e-07
   1.8800000e+01  -2.0163832e-08
   1.8900000e+01   6.5668645e-08
   1.9000000e+01   1.4414356e-07
   1.9100000e+01   2.1589323e-07
   1.9200000e+01   2.8149647e-07
   1.9300000e+01   3.4148306e-07
   1.9400000e+01   3.9633777e-07
   1.9500000e+01   4.4650410e-07
   1.9600000e+01   4.9238773e-07
   1.9700000e+01   5.3435965e-07
   1.9800000e+01   5.7275910e-07
   1.9900000e+01   6.0789620e-07
   2.0000000e+01   6.4005442e-07
   2.0100000e+01   6.6949282e-07
   2.0200000e+01   6.9644810e-07
   2.0300000e+01   7.2113652e-07
   2.0400000e+01   7.4375560e-07
   2.0500000e+01   7.6448576e-07
   2.0600000e+01   7.8349173e-07
   2.0700000e+01   8.0092392e-07
   2.0800000e+01   8.1691964e-07
   2.0900000e+01   8.3160421e-07
   2.1000000e+01   8.4509203e-07
   2.1100000e+01   8.5748747e-07
   2.1200000e+01   8.6888577e-07
   2.1300000e+01   8.7937381e-07
   2.1400000e+01   8.8903085e-07
   2.1500000e+01   8.9792918e-07
   2.1600000e+01   9.0613473e-07
   2.1700000e+01   9.1370763e-07
   2.1800000e+01   9.2070271e-07
   2.1900000e+01   9.2716995e-07
   2.2000000e+01   9.3315492e-07
   2.2100000e+01   9.3869918e-07
   2.2200000e+01   9.4384060e-07
   2.2300000e+01   9.4861370e-07
   2.2400000e+01   9.5304994e-07
   2.2500000e+01   9.5717802e-07
   2.2600000e+01   9.6102408e-07
   2.2700000e+01   9.6461193e-07
   2.2800000e+01   9.6796329e-07
   2.2900000e+01   9.7109796e-07
   2.3000000e+01   9.7403398e-07
   2.3100000e+01   9.7678777e-07
   2.3200000e+01   9.7937434e-07
   2.3300000e+01   9.8180734e-07
   2.3400000e+01   9.8409921e-07
   2.3500000e+01   9.8626132e-07
   2.3600000e+01   9.8830401e-07
   2.3700000e+01   9.9023671e-07
   2.3800000e+01   9.9206805e-07
   2.3900000e+01   9.9380586e-07
   2.4000000e+01   9.9545730e-07
   2.4100000e+01   9.9702892e-07
   2.4200000e+01   9.9852667e-07
   2.4300000e+01   9.9995600e-07
   2.4400000e+01   1.0013219e-06
   2.4500000e+01   1.0026289e-06
   2.4600000e+01   1.0038811e-06
   2.4700000e+01   1.0050823e-06
   2.4800000e+01   1.0062360e-06
   2.4900000e+01   1.0073454e-06
   2.5000000e+01   1.0084134e-06
   2.5100000e+01   1.0094426e-06
   2.5200000e+01   1.0104355e-06
   2.5300000e+01   1.0113942e-06
   2.5400000e+01   1.0123209e-06
   2.5500000e+01   1.0132174e-06
   2.5600000e+01   1.0140855e-06
   2.5700000e+01   1.0149266e-06
   2.5800000e+01   1.0157424e-06
   2.5900000e+01   1.0165341e-06
   2.6000000e+01   1.0173030e-06
   2.6100000e+01   1.0180502e-06
   2.6200000e+01   1.0187767e-06
   2.6300000e+01   1.0194836e-06
   2.6400000e+01   1.0201717e-06
   2.6500000e+01   1.0208419e-06
   2.6600000e+01   1.0214950e-06
   2.6700000e+01   1.0221316e-06
   2.6800000e+01   1.0227524e-06
   2.6900000e+01   1.0233582e-06
   2.7000000e+01   1.0239493e-06
   2.7100000e+01   1.0245265e-06
   2.7200000e+01   1.0250901e-06
   2.7300000e+01   1.0256407e-06
   2.7400000e+01   1.0261788e-06
   2.7500000e+01   1.0267046e-06
   2.7600000e+01   1.0272187e-06
   2.7700000e+01   1.0277214e-06
   2.7800000e+01   1.0282130e-06
   2.7900000e+01   1.0286940e-06
   2.8000000e+01   1.0291645e-06
   2.8100000e+01   1.0296249e-06
   2.8200000e+01   1.0300755e-06
   2.8300000e+01   1.0305165e-06
   2.8400000e+01   1.0309482e-06
   2.8500000e+01   1.0313709e-06
   2.8600000e+01   1.0317847e-06
   2.8700000e+01   1.0321899e-06
   2.8800000e+01   1.0325868e-06
   2.8900000e+01   1.0329755e-06
   2.9000000e+01   1.0333562e-06
   2.9100000e+01   1.0337291e-06
   2.9200000e+01   1.0340943e-06
   2.9300000e+01   1.0344522e-06
   2.9400000e+01   1.0348028e-06
   2.9500000e+01   1.0351463e-06
   2.9600000e+01   1.0354828e-06
   2.9700000e+01   1.0358125e-06
   2.9800000e+01   1.0361357e-06
   2.9900000e+01   1.0364523e-06
   3.0000000e+01   1.0367625e-06
   3.0100000e+01   1.0370666e-06
   3.0200000e+01   1.0373645e-06
   3.0300000e+01   1.0376565e-06
   3.0400000e+01   1.0379427e-06
   3.0500000e+01   1.0382231e-06
   3.0600000e+01   1.0384980e-06
   3.0700000e+01   1.0387673e-06
   3.0800000e+01   1.0390313e-06
   3.0900000e+01   1.0392901e-06
   3.1000000e+01   1.0395437e-06
   3.1100000e+01   1.0397922e-06
   3.1200000e+01   1.0400358e-06
   3.1300000e+01   1.0402746e-06
   3.1400000e+01   1.0405086e-06
   3.1500000e+01   1.0407380e-06
   3.1600000e+01   1.0409628e-06
   3.1700000e+01   1.0411832e-06
   3.1800000e+01   1.0413992e-06
   3.1900000e+01   1.0416109e-06
   3.2000000e+01   1.0418184e-06
   3.2100000e+01   1.0420217e-06
   3.2200000e+01   1.0422211e-06
   3.2300000e+01   1.0424165e-06
   3.2400000e+01   1.0426080e-06
   3.2500000e+01   1.0427957e-06
   3.2600000e+01   1.0429796e-06
   3.2700000e+01   1.0431600e-06
   3.2800000e+01   1.0433367e-06
   3.2900000e+01   1.0435100e-06
   3.3000000e+01   1.0436797e-06
   3.3100000e+01   1.0438462e-06
   3.3200000e+01   1.0440093e-06
   3.3300000e+01   1.0441692e-06
   3.3400000e+01   1.0443259e-06
   3.3500000e+01   1.0444795e-06
   3.3600000e+01   1.0446300e-06
   3.3700000e+01   1.0447776e-06
   3.3800000e+01   1.0449222e-06
   3.3900000e+01   1.0450639e-06
   3.4000000e+01   1.0452029e-06
   3.4100000e+01   1.0453390e-06
   3.4200000e+01   1.0454725e-06
   3.4300000e+01   1.0456033e-06
   3.4400000e+01   1.0457315e-06
   3.4500000e+01   1.0458571e-06
   3.4600000e+01   1.0459803e-06
   3.4700000e+01   1.0461010e-06
   3.4800000e+01   1.0462193e-06
   3.4900000e+01   1.0463352e-06
   3.5000000e+01   1.0464489e-06
   3.5100000e+01   1.0465602e-06
   3.5200000e+01   1.0466694e-06
   3.5300000e+01   1.0467764e-06
   3.5400000e+01   1.0468812e-06
   3.5500000e+01   1.0469840e-06
   3.5600000e+01   1.0470847e-06
   3.5700000e+01   1.0471834e-06
   3.5800000e+01   1.0472802e-06
   3.5900000e+01   1.0473750e-06
   3.6000000e+01   1.0474679e-06
   3.6100000e+01   1.0475590e-06
   3.6200000e+01   1.0476483e-06
   3.6300000e+01   1.0477357e-06
   3.6400000e+01   1.0478215e-06
   3.6500000e+01   1.0479055e-06
   3.6600000e+01   1.0479879e-06
   3.6700000e+01   1.0480686e-06
   3.6800000e+01   1.0481477e-06
   3.6900000e+01   1.0482252e-06
   3.7000000e+01   1.0483012e-06
   3.7100000e+01   1.0483756e-06
   3.7200000e+01   1.0484486e-06
   3.7300000e+01   1.0485201e-06
   3.7400000e+01   1.0485902e-06
   3.7500000e+01   1.0486589e-06
   3.7600000e+01   1.0487262e-06
   3.7700000e+01   1.0487921e-06
   3.7800000e+01   1.0488568e-06
   3.7900000e+01   1.0489202e-06
   3.8000000e+01   1.0489823e-06
   3.8100000e+01   1.0490431e-06
   3.8200000e+01   1.0491028e-06
   3.8300000e+01   1.0491612e-06
   3.8400000e+01   1.0492185e-06
   3.8500000e+01   1.0492746e-06
   3.8600000e+01   1.0493296e-06
   3.8700000e+01   1.0493835e-06
   3.8800000e+01   1.0494364e-06
   3.8900000e+01   1.0494882e-06
   3.9000000e+01   1.0495389e-06
   3.9100000e+01   1.0495886e-06
   3.9200000e+01   1.0496374e-06
   3.9300000e+01   1.0496851e-06
   3.9400000e+01   1.0497319e-06
   3.9500000e+01   1.0497778e-06
   3.9600000e+01   1.0498228e-06
   3.9700000e+01   1.0498668e-06
   3.9800000e+01   1.0499100e-06
   3.9900000e+01   1.0499523e-06
   4.0000000e+01   1.0499938e-06
   4.0100000e+01   1.0500344e-06
   4.0200000e+01   1.0500742e-06
   4.0300000e+01   1.0501132e-06
   4.0400000e+01   1.0501515e-06
   4.0500000e+01   1.0501890e-06
   4.0600000e+01   1.0502257e-06
   4.0700000e+01   1.0502617e-06
   4.0800000e+01   1.0502970e-06
   4.0900000e+01   1.0503315e-06
   4.1000000e+01   1.0503654e-06
   4.1100000e+01   1.0503986e-06
   4.1200000e+01   1.0504311e-06
   4.1300000e+01   1.0504630e-06
   4.1400000e+01   1.0504942e-06
   4.1500000e+01   1.0505249e-06
   4.1600000e+01   1.0505549e-06
   4.1700000e+01   1.0505843e-06
   4.1800000e+01   1.0506131e-06
   4.1900000e+01   1.0506413e-06
   4.2000000e+01   1.0506690e-06
   4.2100000e+01   1.0506961e-06
   4.2200000e+01   1.0507227e-06
   4.2300000e+01   1.0507487e-06
   4.2400000e+01   1.0507742e-06
   4.2500000e+01   1.0507993e-06
   4.2600000e+01   1.0508238e-06
   4.2700000e+01   1.0508478e-06
   4.2800000e+01   1.0508713e-06
   4.2900000e+01   1.0508944e-06
   4.3000000e+01   1.0509170e-06
   4.3100000e+01   1.0509391e-06
   4.3200000e+01   1.0509608e-06
   4.3300000e+01   1.0509821e-06
   4.3400000e+01   1.0510030e-06
   4.3500000e+01   1.0510234e-06
   4.3600000e+01   1.0510434e-06
   4.3700000e+01   1.0510630e-06
   4.3800000e+01   1.0510822e-06
   4.3900000e+01   1.0511011e-06
   4.4000000e+01   1.0511195e-06
   4.4100000e+01   1.0511376e-06
   4.4200000e+01   1.0511554e-06
   4.4300000e+01   1.0511727e-06
   4.4400000e+01   1.0511898e-06
   4.4500000e+01   1.0512064e-06
   4.4600000e+01   1.0512228e-06
   4.4700000e+01   1.0512388e-06
   4.4800000e+01   1.0512545e-06
   4.4900000e+01   1.0512699e-06
   4.5000000e+01   1.0512850e-06
   4.5100000e+01   1.0512998e-06
   4.5200000e+01   1.0513142e-06
   4.5300000e+01   1.0513284e-06
   4.5400000e+01   1.0513423e-06
   4.5500000e+01   1.0513560e-06
   4.5600000e+01   1.0513693e-06
   4.5700000e+01   1.0513824e-06
   4.5800000e+01   1.0513952e-06
   4.5900000e+01   1.0514078e-06
   4.6000000e+01   1.0514201e-06
   4.6100000e+01   1.0514322e-06
   4.6200000e+01   1.0514440e-06
   4.6300000e+01   1.0514556e-06
   4.6400000e+01   1.0514669e-06
   4.6500000e+01   1.0514780e-06
   4.6600000e+01   1.0514890e-06
   4.6700000e+01   1.0514996e-06
   4.6800000e+01   1.0515101e-06
   4.6900000e+01   1.0515204e-06
   4.7000000e+01   1.0515304e-06
   4.7100000e+01   1.0515403e-06
   4.7200000e+01   1.0515499e-06
   4.7300000e+01   1.0515594e-06
   4.7400000e+01   1.0515687e-06
   4.7500000e+01   1.0515778e-06
   4.7600000e+01   1.0515867e-06
   4.7700000e+01   1.0515954e-06
   4.7800000e+01   1.0516039e-06
   4.7900000e+01   1.0516123e-06
   4.8000000e+01   1.0516205e-06
   4.8100000e+01   1.0516286e-06
   4.8200000e+01   1.0516365e-06
   4.8300000e+01   1.0516442e-06
   4.8400000e+01   1.0516518e-06
   4.8500000e+01   1.0516592e-06
   4.8600000e+01   1.0516665e-06
   4.8700000e+01   1.0516736e-06
   4.8800000e+01   1.0516806e-06
   4.8900000e+01   1.0516874e-06
   4.9000000e+01   1.0516941e-06
   4.9100000e+01   1.0517007e-06
   4.9200000e+01   1.0517071e-06
   4.9300000e+01   1.0517134e-06
   4.9400000e+01   1.0517196e-06
   4.9500000e+01   1.0517257e-06
   4.9600000e+01   1.0517316e-06
   4.9700000e+01   1.0517374e-06
   4.9800000e+01   1.0517431e-06
   4.9900000e+01   1.0517487e-06
   5.0000000e+01   1.0517542e-06
   5.0100000e+01   1.0517596e-06
   5.0200000e+01   1.0517648e-06
   5.0300000e+01   1.0517700e-06
   5.0400000e+01   1.0517750e-06
   5.0500000e+01   1.0517800e-06
   5.0600000e+01   1.0517848e-06
   5.0700000e+01   1.0517896e-06
   5.0800000e+01   1.0517942e-06
   5.0900000e+01   1.0517988e-06
   5.1000000e+01   1.0518033e-06
   5.1100000e+01   1.0518077e-06
   5.1200000e+01   1.0518119e-06
   5.1300000e+01   1.0518162e-06
   5.1400000e+01   1.0518203e-06
   5.1500000e+01   1.0518243e-06
   5.1600000e+01   1.0518283e-06
   5.1700000e+01   1.0518322e-06
   5.1800000e+01   1.0518360e-06
   5.1900000e+01   1.0518397e-06
   5.2000000e+01   1.0518433e-06
   5.2100000e+01   1.0518469e-06
   5.2200000e+01   1.0518504e-06
   5.2300000e+01   1.0518539e-06
   5.2400000e+01   1.0518572e-06
   5.2500000e+01   1.0518605e-06
   5.2600000e+01   1.0518638e-06
   5.2700000e+01   1.0518669e-06
   5.2800000e+01   1.0518700e-06
   5.2900000e+01   1.0518731e-06
   5.3000000e+01   1.0518760e-06
   5.3100000e+01   1.0518790e-06
   5.3200000e+01   1.0518818e-06
   5.3300000e+01   1.0518846e-06
   5.3400000e+01   1.0518874e-06
   5.3500000e+01   1.0518901e-06
   5.3600000e+01   1.0518927e-06
   5.3700000e+01   1.0518953e-06
   5.3800000e+01   1.0518978e-06
   5.3900000e+01   1.0519003e-06
   5.4000000e+01   1.0519028e-06
   5.4100000e+01   1.0519051e-06
   5.4200000e+01   1.0519075e-06
   5.4300000e+01   1.0519098e-06
   5.4400000e+01   1.0519120e-06
   5.4500000e+01   1.0519142e-06
   5.4600000e+01   1.0519164e-06
   5.4700000e+01   1.0519185e-06
   5.4800000e+01   1.0519206e-06
   5.4900000e+01   1.0519226e-06
   5.5000000e+01   1.0519246e-06
   5.5100000e+01   1.0519265e-06
   5.5200000e+01   1.0519284e-06
   5.5300000e+01   1.0519303e-06
   5.5400000e+01   1.0519321e-06
   5.5500000e+01   1.0519339e-06
   5.5600000e+01   1.0519357e-06
   5.5700000e+01   1.0519374e-06
   5.5800000e+01   1.0519391e-06
   5.5900000e+01   1.0519408e-06
   5.6000000e+01   1.0519424e-06
   5.6100000e+01   1.0519440e-06
   5.6200000e+01   1.0519455e-06
   5.6300000e+01   1.0519471e-06
   5.6400000e+01   1.0519486e-06
   5.6500000e+01   1.0519500e-06
   5.6600000e+01   1.0519515e-06
   5.6700000e+01   1.0519529e-06
   5.6800000e+01   1.0519542e-06
   5.6900000e+01   1.0519556e-06
   5.7000000e+01   1.0519569e-06
   5.7100000e+01   1.0519582e-06
   5.7200000e+01   1.0519595e-06
   5.7300000e+01   1.0519607e-06
   5.7400000e+01   1.0519620e-06
   5.7500000e+01   1.0519632e-06
   5.7600000e+01   1.0519643e-06
   5.7700000e+01   1.0519655e-06
   5.7800000e+01   1.0519666e-06
   5.7900000e+01   1.0519677e-06
   5.8000000e+01   1.0519688e-06
   5.8100000e+01   1.0519699e-06
   5.8200000e+01   1.0519709e-06
   5.8300000e+01   1.0519719e-06
   5.8400000e+01   1.0519729e-06
   5.8500000e+01   1.0519739e-06
   5.8600000e+01   1.0519749e-06
   5.8700000e+01   1.0519758e-06
   5.8800000e+01   1.0519767e-06
   5.8900000e+01   1.0519776e-06
   5.9000000e+01   1.0519785e-06
   5.9100000e+01   1.0519794e-06
   5.9200000e+01   1.0519802e-06
   5.9300000e+01   1.0519810e-06
   5.9400000e+01   1.0519819e-06
   5.9500000e+01   1.0519827e-06
   5.9600000e+01   1.0519834e-06
   5.9700000e+01   1.0519842e-06
   5.9800000e+01   1.0519850e-06
   5.9900000e+01   1.0519857e-06
   6.0000000e+01   1.0519864e-06
   6.0100000e+01   1.0519871e-06
   6.0200000e+01   1.0519878e-06
   6.0300000e+01   1.0519885e-06
   6.0400000e+01   1.0519892e-06
   6.0500000e+01   1.0519898e-06
   6.0600000e+01   1.0519904e-06
   6.0700000e+01   1.0519911e-06
   6.0800000e+01   1.0519917e-06
   6.0900000e+01   1.0519923e-06
   6.1000000e+01   1.0519929e-06
   6.1100000e+01   1.0519935e-06
   6.1200000e+01   1.0519940e-06
   6.1300000e+01   1.0519946e-06
   6.1400000e+01   1.0519951e-06
   6.1500000e+01   1.0519957e-06
   6.1600000e+01   1.0519962e-06
   6.1700000e+01   1.0519967e-06
   6.1800000e+01   1.0519972e-06
   6.1900000e+01   1.0519977e-06
   6.2000000e+01   1.0519982e-06
   6.2100000e+01   1.0519986e-06
   6.2200000e+01   1.0519991e-06
   6.2300000e+01   1.0519995e-06
   6.2400000e+01   1.0520000e-06
   6.2500000e+01   1.0520004e-06
   6.2600000e+01   1.0520008e-06
   6.2700000e+01   1.0520013e-06
   6.2800000e+01   1.0520017e-06
   6.2900000e+01   1.0520021e-06
   6.3000000e+01   1.0520025e-06
   6.3100000e+01   1.0520029e-06
   6.3200000e+01   1.0520032e-06
   6.3300000e+01   1.0520036e-06
   6.3400000e+01   1.0520040e-06
   6.3500000e+01   1.0520043e-06
   6.3600000e+01   1.0520047e-06
   6.3700000e+01   1.0520050e-06
   6.3800000e+01   1.0520053e-06
   6.3900000e+01   1.0520057e-06
   6.4000000e+01   1.0520060e-06
   6.4100000e+01   1.0520063e-06
   6.4200000e+01   1.0520066e-06
   6.4300000e+01   1.0520069e-06
   6.4400000e+01   1.0520072e-06
   6.4500000e+01   1.0520075e-06
   6.4600000e+01   1.0520078e-06
   6.4700000e+01   1.0520081e-06
   6.4800000e+01   1.0520083e-06
   6.4900000e+01   1.0520086e-06
   6.5000000e+01   1.0520089e-06
   6.5100000e+01   1.0520091e-06
   6.5200000e+01   1.0520094e-06
   6.5300000e+01   1.0520096e-06
   6.5400000e+01   1.0520099e-06
   6.5500000e+01   1.0520101e-06
   6.5600000e+01   1.0520103e-06
   6.5700000e+01   1.0520106e-06
   6.5800000e+01   1.0520108e-06
   6.5900000e+01   1.0520110e-06
   6.6000000e+01   1.0520112e-06
   6.6100000e+01   1.0520114e-06
   6.6200000e+01   1.0520116e-06
   6.6300000e+01   1.0520118e-06
   6.6400000e+01   1.0520120e-06
   6.6500000e+01   1.0520122e-06
   6.6600000e+01   1.0520124e-06
   6.6700000e+01   1.0520126e-06
   6.6800000e+01   1.0520128e-06
   6.6900000e+01   1.0520129e-06
   6.7000000e+01   1.0520131e-06
   6.7100000e+01   1.0520133e-06
   6.7200000e+01   1.0520135e-06
   6.7300000e+01   1.0520136e-06
   6.7400000e+01   1.0520138e-06
   6.7500000e+01   1.0520139e-06
   6.7600000e+01   1.0520141e-06
   6.7700000e+01   1.0520142e-06
   6.7800000e+01   1.0520144e-06
   6.7900000e+01   1.0520145e-06
   6.8000000e+01   1.0520147e-06
   6.8100000e+01   1.0520148e-06
   6.8200000e+01   1.0520150e-06
   6.8300000e+01   1.0520151e-06
   6.8400000e+01   1.0520152e-06
   6.8500000e+01   1.0520154e-06
   6.8600000e+01   1.0520155e-06
   6.8700000e+01   1.0520156e-06
   6.8800000e+01   1.0520157e-06
   6.8900000e+01   1.0520158e-06
   6.9000000e+01   1.0520160e-06
   6.9100000e+01   1.0520161e-06
   6.9200000e+01   1.0520162e-06
   6.9300000e+01   1.0520163e-06
   6.9400000e+01   1.0520164e-06
   6.9500000e+01   1.0520165e-06
   6.9600000e+01   1.0520166e-06
   6.9700000e+01   1.0520167e-06
   6.9800000e+01   1.0520168e-06
   6.9900000e+01   1.0520169e-06
   7.0000000e+01   1.0520170e-06
   7.0100000e+01   1.0520171e-06
   7.0200000e+01   1.0520172e-06
   7.0300000e+01   1.0520173e-06
   7.0400000e+01   1.0520174e-06
   7.0500000e+01   1.0520175e-06
   7.0600000e+01   1.0520175e-06
   7.0700000e+01   1.0520176e-06
   7.0800000e+01   1.0520177e-06
   7.0900000e+01   1.0520178e-06
   7.1000000e+01   1.0520179e-06
   7.1100000e+01   1.0520179e-06
   7.1200000e+01   1.0520180e-06
   7.1300000e+01   1.0520181e-06
   7.1400000e+01   1.0520182e-06
   7.1500000e+01   1.0520182e-06
   7.1600000e+01   1.0520183e-06
   7.1700000e+01   1.0520184e-06
   7.1800000e+01   1.0520184e-06
   7.1900000e+01   1.0520185e-06
   7.2000000e+01   1.0520186e-06
   7.2100000e+01   1.0520186e-06
   7.2200000e+01   1.0520187e-06
   7.2300000e+01   1.0520187e-06
   7.2400000e+01   1.0520188e-06
   7.2500000e+01   1.0520188e-06
   7.2600000e+01   1.0520189e-06
   7.2700000e+01   1.0520190e-06
   7.2800000e+01   1.0520190e-06
   7.2900000e+01   1.0520191e-06
   7.3000000e+01   1.0520191e-06
   7.3100000e+01   1.0520192e-06
   7.3200000e+01   1.0520192e-06
   7.3300000e+01   1.0520193e-06
   7.3400000e+01   1.0520193e-06
   7.3500000e+01   1.0520194e-06
   7.3600000e+01   1.0520194e-06
   7.3700000e+01   1.0520195e-06
   7.3800000e+01   1.0520195e-06
   7.3900000e+01   1.0520195e-06
   7.4000000e+01   1.0520196e-06
   7.4100000e+01   1.0520196e-06
   7.4200000e+01   1.0520197e-06
   7.4300000e+01   1.0520197e-06
   7.4400000e+01   1.0520197e-06
   7.4500000e+01   1.0520198e-06
   7.4600000e+01   1.0520198e-06
   7.4700000e+01   1.0520199e-06
   7.4800000e+01   1.0520199e-06
   7.4900000e+01   1.0520199e-06
   7.5000000e+01   1.0520200e-06
   7.5100000e+01   1.0520200e-06
   7.5200000e+01   1.0520200e-06
   7.5300000e+01   1.0520201e-06
   7.5400000e+01   1.0520201e-06
   7.5500000e+01   1.0520201e-06
   7.5600000e+01   1.0520202e-06
   7.5700000e+01   1.0520202e-06
   7.5800000e+01   1.0520202e-06
   7.5900000e+01   1.0520202e-06
   7.6000000e+01   1.0520203e-06
   7.6100000e+01   1.0520203e-06
   7.6200000e+01   1.0520203e-06
   7.6300000e+01   1.0520204e-06
   7.6400000e+01   1.0520204e-06
   7.6500000e+01   1.0520204e-06
   7.6600000e+01   1.0520204e-06
   7.6700000e+01   1.0520205e-06
   7.6800000e+01   1.0520205e-06
   7.6900000e+01   1.0520205e-06
   7.7000000e+01   1.0520205e-06
   7.7100000e+01   1.0520205e-06
   7.7200000e+01   1.0520206e-06
   7.7300000e+01   1.0520206e-06
   7.7400000e+01   1.0520206e-06
   7.7500000e+01   1.0520206e-06
   7.7600000e+01   1.0520207e-06
   7.7700000e+01   1.0520207e-06
   7.7800000e+01   1.0520207e-06
   7.7900000e+01   1.0520207e-06
   7.8000000e+01   1.0520207e-06
   7.8100000e+01   1.0520207e-06
   7.8200000e+01   1.0520208e-06
   7.8300000e+01   1.0520208e-06
   7.8400000e+01   1.0520208e-06
   7.8500000e+01   1.0520208e-06
   7.8600000e+01   1.0520208e-06
   7.8700000e+01   1.0520208e-06
   7.8800000e+01   1.0520209e-06
   7.8900000e+01   1.0520209e-06
   7.9000000e+01   1.0520209e-06
   7.9100000e+01   1.0520209e-06
   7.9200000e+01   1.0520209e-06
   7.9300000e+01   1.0520209e-06
   7.9400000e+01   1.0520210e-06
   7.9500000e+01   1.0520210e-06
   7.9600000e+01   1.0520210e-06
   7.9700000e+01   1.0520210e-06
   7.9800000e+01   1.0520210e-06
   7.9900000e+01   1.0520210e-06
