   2.0000000e+01   3.0000000e+00
   1.9906603e+01   3.0494827e+00
   1.9664996e+01   3.1513871e+00
   1.9320586e+01   3.2689928e+00
   1.8907238e+01   3.3871722e+00
   1.8450512e+01   3.5004972e+00
   1.7969707e+01   3.6077716e+00
   1.7479301e+01   3.7095441e+00
   1.6990023e+01   3.8069920e+00
   1.6509676e+01   3.9014316e+00
   1.6043775e+01   3.9941119e+00
   1.5596051e+01   4.0861376e+00
   1.5168856e+01   4.1784471e+00
   1.4763478e+01   4.2718161e+00
   1.4380396e+01   4.3668694e+00
   1.4019481e+01   4.4640968e+00
   1.3680156e+01   4.5638686e+00
   1.3361522e+01   4.6664506e+00
   1.3062460e+01   4.7720176e+00
   1.2781703e+01   4.8806656e+00
   1.2517902e+01   4.9924229e+00
   1.2269669e+01   5.1072600e+00
   1.2035614e+01   5.2250979e+00
   1.1814371e+01   5.3458165e+00
   1.1604617e+01   5.4692611e+00
   1.1405086e+01   5.5952488e+00
   1.1214579e+01   5.7235742e+00
   1.1031968e+01   5.8540139e+00
   1.0856202e+01   5.9863313e+00
   1.0686304e+01   6.1202801e+00
   1.0521377e+01   6.2556078e+00
   1.0360596e+01   6.3920587e+00
   1.0203209e+01   6.5293760e+00
   1.0048532e+01   6.6673045e+00
   9.8959466e+00   6.8055923e+00
   9.7448980e+00   6.9439919e+00
   9.5948876e+00   7.0822620e+00
   9.4454712e+00   7.2201685e+00
   9.2962548e+00   7.3574847e+00
   9.1468905e+00   7.4939927e+00
   8.9970732e+00   7.6294833e+00
   8.8465367e+00   7.7637566e+00
   8.6950508e+00   7.8966220e+00
   8.5424180e+00   8.0278983e+00
   8.3884702e+00   8.1574138e+00
   8.2330665e+00   8.2850061e+00
   8.0760904e+00   8.4105219e+00
   7.9174473e+00   8.5338167e+00
   7.7570627e+00   8.6547549e+00
   7.5948798e+00   8.7732091e+00
   7.4308579e+00   8.8890600e+00
   7.2649705e+00   9.0021959e+00
   7.0972041e+00   9.1125126e+00
   6.9275567e+00   9.2199127e+00
   6.7560363e+00   9.3243058e+00
   6.5826599e+00   9.4256074e+00
   6.4074528e+00   9.5237393e+00
   6.2304471e+00   9.6186287e+00
   6.0516813e+00   9.7102082e+00
   5.8711993e+00   9.7984154e+00
   5.6890499e+00   9.8831925e+00
   5.5052862e+00   9.9644862e+00
   5.3199648e+00   1.0042247e+01
   5.1331458e+00   1.0116430e+01
   4.9448918e+00   1.0186994e+01
   4.7552681e+00   1.0253899e+01
   4.5643419e+00   1.0317111e+01
   4.3721823e+00   1.0376598e+01
   4.1788599e+00   1.0432331e+01
   3.9844468e+00   1.0484282e+01
   3.7890159e+00   1.0532427e+01
   3.5926414e+00   1.0576746e+01
   3.3953981e+00   1.0617217e+01
   3.1973615e+00   1.0653824e+01
   2.9986077e+00   1.0686551e+01
   2.7992133e+00   1.0715385e+01
   2.5992551e+00   1.0740312e+01
   2.3988105e+00   1.0761324e+01
   2.1979570e+00   1.0778412e+01
   1.9967721e+00   1.0791568e+01
   1.7953338e+00   1.0800788e+01
   1.5937199e+00   1.0806066e+01
   1.3920085e+00   1.0807402e+01
   1.1902777e+00   1.0804794e+01
   9.8860543e-01   1.0798241e+01
   7.8706992e-01   1.0787746e+01
   5.8574922e-01   1.0773311e+01
   3.8472137e-01   1.0754940e+01
   1.8406439e-01   1.0732639e+01
  -1.6143749e-02   1.0706415e+01
  -2.1582515e-01   1.0676275e+01
  -4.1490196e-01   1.0642229e+01
  -6.1329645e-01   1.0604287e+01
  -8.1093093e-01   1.0562461e+01
  -1.0077278e+00   1.0516763e+01
  -1.2036097e+00   1.0467209e+01
  -1.3984992e+00   1.0413813e+01
  -1.5923190e+00   1.0356593e+01
  -1.7849922e+00   1.0295565e+01
  -1.9764417e+00   1.0230750e+01
  -2.1665907e+00   1.0162169e+01
  -2.3553627e+00   1.0089842e+01
  -2.5426812e+00   1.0013794e+01
  -2.7284699e+00   9.9340486e+00
  -2.9126529e+00   9.8506322e+00
  -3.0951544e+00   9.7635721e+00
  -3.2758987e+00   9.6728967e+00
  -3.4548108e+00   9.5786363e+00
  -3.6318154e+00   9.4808223e+00
  -3.8068380e+00   9.3794875e+00
  -3.9798043e+00   9.2746663e+00
  -4.1506401e+00   9.1663944e+00
  -4.3192719e+00   9.0547091e+00
  -4.4856265e+00   8.9396489e+00
  -4.6496311e+00   8.8212542e+00
  -4.8112133e+00   8.6995664e+00
  -4.9703012e+00   8.5746289e+00
  -5.1268236e+00   8.4464861e+00
  -5.2807096e+00   8.3151844e+00
  -5.4318890e+00   8.1807715e+00
  -5.5802921e+00   8.0432966e+00
  -5.7258501e+00   7.9028105e+00
  -5.8684945e+00   7.7593657e+00
  -6.0081578e+00   7.6130160e+00
  -6.1447731e+00   7.4638169e+00
  -6.2782744e+00   7.3118256e+00
  -6.4085964e+00   7.1571006e+00
  -6.5356746e+00   6.9997021e+00
  -6.6594457e+00   6.8396921e+00
  -6.7798469e+00   6.6771338e+00
  -6.8968168e+00   6.5120922e+00
  -7.0102947e+00   6.3446339e+00
  -7.1202212e+00   6.1748269e+00
  -7.2265377e+00   6.0027409e+00
  -7.3291871e+00   5.8284471e+00
  -7.4281132e+00   5.6520184e+00
  -7.5232612e+00   5.4735290e+00
  -7.6145775e+00   5.2930548e+00
  -7.7020099e+00   5.1106732e+00
  -7.7855074e+00   4.9264630e+00
  -7.8650205e+00   4.7405048e+00
  -7.9405012e+00   4.5528804e+00
  -8.0119031e+00   4.3636732e+00
  -8.0791811e+00   4.1729679e+00
  -8.1422918e+00   3.9808508e+00
  -8.2011934e+00   3.7874096e+00
  -8.2558461e+00   3.5927332e+00
  -8.3062113e+00   3.3969122e+00
  -8.3522526e+00   3.2000381e+00
  -8.3939353e+00   3.0022042e+00
  -8.4312266e+00   2.8035047e+00
  -8.4640956e+00   2.6040353e+00
  -8.4925132e+00   2.4038927e+00
  -8.5164527e+00   2.2031749e+00
  -8.5358891e+00   2.0019811e+00
  -8.5507998e+00   1.8004115e+00
  -8.5611641e+00   1.5985676e+00
  -8.5669637e+00   1.3965516e+00
  -8.5681823e+00   1.1944670e+00
  -8.5648063e+00   9.9241815e-01
  -8.5568239e+00   7.9051019e-01
  -8.5442262e+00   5.8884925e-01
  -8.5270063e+00   3.8754224e-01
  -8.5051600e+00   1.8669682e-01
  -8.4786855e+00  -1.3578636e-02
  -8.4475837e+00  -2.1317511e-01
  -8.4118578e+00  -4.1198297e-01
  -8.3715138e+00  -6.0989207e-01
  -8.3265604e+00  -8.0679177e-01
  -8.2770088e+00  -1.0025710e+00
  -8.2228731e+00  -1.1971183e+00
  -8.1641701e+00  -1.3903221e+00
  -8.1009193e+00  -1.5820704e+00
  -8.0331432e+00  -1.7722510e+00
  -7.9608670e+00  -1.9607518e+00
  -7.8841188e+00  -2.1474607e+00
  -7.8029296e+00  -2.3322655e+00
  -7.7173335e+00  -2.5150541e+00
  -7.6273672e+00  -2.6957147e+00
  -7.5330707e+00  -2.8741360e+00
  -7.4344868e+00  -3.0502066e+00
  -7.3316613e+00  -3.2238158e+00
  -7.2246432e+00  -3.3948535e+00
  -7.1134843e+00  -3.5632101e+00
  -6.9982396e+00  -3.7287767e+00
  -6.8789671e+00  -3.8914452e+00
  -6.7557278e+00  -4.0511083e+00
  -6.6285859e+00  -4.2076597e+00
  -6.4976085e+00  -4.3609942e+00
  -6.3628658e+00  -4.5110076e+00
  -6.2244310e+00  -4.6575970e+00
  -6.0823807e+00  -4.8006609e+00
  -5.9367940e+00  -4.9400991e+00
  -5.7877534e+00  -5.0758128e+00
  -5.6353443e+00  -5.2077050e+00
  -5.4796550e+00  -5.3356803e+00
  -5.3207769e+00  -5.4596452e+00
  -5.1588044e+00  -5.5795078e+00
  -4.9938345e+00  -5.6951785e+00
  -4.8259675e+00  -5.8065696e+00
  -4.6553063e+00  -5.9135955e+00
  -4.4819566e+00  -6.0161732e+00
  -4.3060270e+00  -6.1142216e+00
  -4.1276289e+00  -6.2076625e+00
  -3.9468760e+00  -6.2964199e+00
  -3.7638852e+00  -6.3804208e+00
  -3.5787754e+00  -6.4595947e+00
  -3.3916686e+00  -6.5338739e+00
  -3.2026887e+00  -6.6031940e+00
  -3.0119625e+00  -6.6674932e+00
  -2.8196188e+00  -6.7267130e+00
  -2.6257888e+00  -6.7807983e+00
  -2.4306058e+00  -6.8296971e+00
  -2.2342053e+00  -6.8733607e+00
  -2.0367248e+00  -6.9117441e+00
  -1.8383038e+00  -6.9448058e+00
  -1.6390834e+00  -6.9725080e+00
  -1.4392068e+00  -6.9948164e+00
  -1.2388187e+00  -7.0117009e+00
  -1.0380653e+00  -7.0231349e+00
  -8.3709446e-01  -7.0290960e+00
  -6.3605516e-01  -7.0295657e+00
  -4.3509779e-01  -7.0245298e+00
  -2.3437384e-01  -7.0139781e+00
  -3.4035788e-02  -6.9979048e+00
   1.6576294e-01  -6.9763081e+00
   3.6486818e-01  -6.9491908e+00
   5.6312509e-01  -6.9165602e+00
   7.6037830e-01  -6.8784278e+00
   9.5647205e-01  -6.8348098e+00
   1.1512503e+00  -6.7857269e+00
   1.3445570e+00  -6.7312044e+00
   1.5362359e+00  -6.6712721e+00
   1.7261310e+00  -6.6059648e+00
   1.9140868e+00  -6.5353216e+00
   2.0999478e+00  -6.4593865e+00
   2.2835595e+00  -6.3782082e+00
   2.4647680e+00  -6.2918403e+00
   2.6434202e+00  -6.2003408e+00
   2.8193641e+00  -6.1037729e+00
   2.9924489e+00  -6.0022042e+00
   3.1625253e+00  -5.8957071e+00
   3.3294452e+00  -5.7843590e+00
   3.4930624e+00  -5.6682416e+00
   3.6532324e+00  -5.5474418e+00
   3.8098128e+00  -5.4220507e+00
   3.9626632e+00  -5.2921643e+00
   4.1116457e+00  -5.1578832e+00
   4.2566246e+00  -5.0193125e+00
   4.3974671e+00  -4.8765618e+00
   4.5340429e+00  -4.7297451e+00
   4.6662247e+00  -4.5789808e+00
   4.7938886e+00  -4.4243919e+00
   4.9169134e+00  -4.2661053e+00
   5.0351819e+00  -4.1042521e+00
   5.1485799e+00  -3.9389677e+00
   5.2569974e+00  -3.7703914e+00
   5.3603278e+00  -3.5986663e+00
   5.4584688e+00  -3.4239393e+00
   5.5513222e+00  -3.2463612e+00
   5.6387941e+00  -3.0660861e+00
   5.7207949e+00  -2.8832718e+00
   5.7972397e+00  -2.6980793e+00
   5.8680482e+00  -2.5106727e+00
   5.9331449e+00  -2.3212193e+00
   5.9924596e+00  -2.1298894e+00
   6.0459266e+00  -1.9368559e+00
   6.0934858e+00  -1.7422943e+00
   6.1350822e+00  -1.5463828e+00
   6.1706664e+00  -1.3493017e+00
   6.2001944e+00  -1.1512334e+00
   6.2236277e+00  -9.5236247e-01
   6.2409337e+00  -7.5287508e-01
   6.2520853e+00  -5.5295910e-01
   6.2570616e+00  -3.5280380e-01
   6.2558475e+00  -1.5259968e-01
   6.2484338e+00   4.7461719e-02
   6.2348174e+00   2.4718799e-01
   6.2150015e+00   4.4638610e-01
   6.1889953e+00   6.4486256e-01
   6.1568142e+00   8.4242362e-01
   6.1184799e+00   1.0388755e+00
   6.0740204e+00   1.2340247e+00
   6.0234699e+00   1.4276778e+00
   5.9668690e+00   1.6196424e+00
   5.9042645e+00   1.8097266e+00
   5.8357096e+00   1.9977397e+00
   5.7612638e+00   2.1834920e+00
   5.6809928e+00   2.3667957e+00
   5.5949685e+00   2.5474642e+00
   5.5032691e+00   2.7253130e+00
   5.4059790e+00   2.9001599e+00
   5.3031886e+00   3.0718248e+00
   5.1949946e+00   3.2401301e+00
   5.0814993e+00   3.4049012e+00
   4.9628112e+00   3.5659663e+00
   4.8390447e+00   3.7231569e+00
   4.7103197e+00   3.8763077e+00
   4.5767619e+00   4.0252573e+00
   4.4385024e+00   4.1698477e+00
   4.2956780e+00   4.3099254e+00
   4.1484305e+00   4.4453407e+00
   3.9969070e+00   4.5759486e+00
   3.8412597e+00   4.7016083e+00
   3.6816456e+00   4.8221842e+00
   3.5182264e+00   4.9375453e+00
   3.3511685e+00   5.0475660e+00
   3.1806426e+00   5.1521258e+00
   3.0068238e+00   5.2511098e+00
   2.8298912e+00   5.3444087e+00
   2.6500276e+00   5.4319188e+00
   2.4674197e+00   5.5135425e+00
   2.2822577e+00   5.5891882e+00
   2.0947349e+00   5.6587705e+00
   1.9050480e+00   5.7222102e+00
   1.7133962e+00   5.7794348e+00
   1.5199817e+00   5.8303782e+00
   1.3250089e+00   5.8749807e+00
   1.1286844e+00   5.9131898e+00
   9.3121702e-01   5.9449595e+00
   7.3281710e-01   5.9702508e+00
   5.3369657e-01   5.9890317e+00
   3.3406865e-01   6.0012773e+00
   1.3414754e-01   6.0069697e+00
  -6.5851726e-02   6.0060981e+00
  -2.6571360e-01   5.9986591e+00
  -4.6522222e-01   5.9846561e+00
  -6.6416170e-01   5.9641003e+00
  -8.6231635e-01   5.9370096e+00
  -1.0594709e+00   5.9034093e+00
  -1.2554109e+00   5.8633322e+00
  -1.4499227e+00   5.8168179e+00
  -1.6427940e+00   5.7639133e+00
  -1.8338138e+00   5.7046727e+00
  -2.0227730e+00   5.6391573e+00
  -2.2094642e+00   5.5674352e+00
  -2.3936825e+00   5.4895817e+00
  -2.5752251e+00   5.4056789e+00
  -2.7538922e+00   5.3158160e+00
  -2.9294866e+00   5.2200885e+00
  -3.1018145e+00   5.1185989e+00
  -3.2706854e+00   5.0114561e+00
  -3.4359124e+00   4.8987754e+00
  -3.5973123e+00   4.7806786e+00
  -3.7547062e+00   4.6572935e+00
  -3.9079193e+00   4.5287539e+00
  -4.0567812e+00   4.3951996e+00
  -4.2011264e+00   4.2567762e+00
  -4.3407941e+00   4.1136348e+00
  -4.4756285e+00   3.9659318e+00
  -4.6054794e+00   3.8138291e+00
  -4.7302015e+00   3.6574935e+00
  -4.8496556e+00   3.4970967e+00
  -4.9637080e+00   3.3328151e+00
  -5.0722310e+00   3.1648296e+00
  -5.1751030e+00   2.9933254e+00
  -5.2722086e+00   2.8184916e+00
  -5.3634388e+00   2.6405214e+00
  -5.4486912e+00   2.4596116e+00
  -5.5278699e+00   2.2759623e+00
  -5.6008856e+00   2.0897769e+00
  -5.6676563e+00   1.9012616e+00
  -5.7281065e+00   1.7106256e+00
  -5.7821679e+00   1.5180803e+00
  -5.8297794e+00   1.3238395e+00
  -5.8708870e+00   1.1281191e+00
  -5.9054441e+00   9.3113654e-01
  -5.9334113e+00   7.3311087e-01
  -5.9547565e+00   5.3426239e-01
  -5.9694552e+00   3.3481243e-01
  -5.9774902e+00   1.3498305e-01
  -5.9788519e+00  -6.5003184e-02
  -5.9735380e+00  -2.6492345e-01
  -5.9615539e+00  -4.6455496e-01
  -5.9429122e+00  -6.6367514e-01
  -5.9176332e+00  -8.6206198e-01
  -5.8857446e+00  -1.0594942e+00
  -5.8472814e+00  -1.2557516e+00
  -5.8022861e+00  -1.4506151e+00
  -5.7508085e+00  -1.6438674e+00
  -5.6929057e+00  -1.8352927e+00
  -5.6286420e+00  -2.0246774e+00
  -5.5580887e+00  -2.2118100e+00
  -5.4813243e+00  -2.3964817e+00
  -5.3984343e+00  -2.5784862e+00
  -5.3095109e+00  -2.7576204e+00
  -5.2146533e+00  -2.9336841e+00
  -5.1139672e+00  -3.1064808e+00
  -5.0075649e+00  -3.2758176e+00
  -4.8955649e+00  -3.4415053e+00
  -4.7780924e+00  -3.6033590e+00
  -4.6552783e+00  -3.7611978e+00
  -4.5272598e+00  -3.9148457e+00
  -4.3941796e+00  -4.0641309e+00
  -4.2561865e+00  -4.2088869e+00
  -4.1134344e+00  -4.3489521e+00
  -3.9660827e+00  -4.4841700e+00
  -3.8142959e+00  -4.6143898e+00
  -3.6582437e+00  -4.7394661e+00
  -3.4981001e+00  -4.8592594e+00
  -3.3340440e+00  -4.9736360e+00
  -3.1662586e+00  -5.0824684e+00
  -2.9949313e+00  -5.1856350e+00
  -2.8202533e+00  -5.2830209e+00
  -2.6424198e+00  -5.3745174e+00
  -2.4616292e+00  -5.4600227e+00
  -2.2780833e+00  -5.5394413e+00
  -2.0919872e+00  -5.6126849e+00
  -1.9035485e+00  -5.6796718e+00
  -1.7129775e+00  -5.7403274e+00
  -1.5204871e+00  -5.7945843e+00
  -1.3262919e+00  -5.8423820e+00
  -1.1306088e+00  -5.8836675e+00
  -9.3365599e-01  -5.9183949e+00
  -7.3565337e-01  -5.9465256e+00
  -5.3682178e-01  -5.9680286e+00
  -3.3738303e-01  -5.9828799e+00
  -1.3755960e-01  -5.9910633e+00
   6.2425654e-02  -5.9925699e+00
   2.6234970e-01  -5.9873982e+00
   4.6198959e-01  -5.9755543e+00
   6.6112274e-01  -5.9570514e+00
   8.5952713e-01  -5.9319106e+00
   1.0569816e+00  -5.9001601e+00
   1.2532660e+00  -5.8618355e+00
   1.4481617e+00  -5.8169798e+00
   1.6414514e+00  -5.7656432e+00
   1.8329197e+00  -5.7078831e+00
   2.0223534e+00  -5.6437642e+00
   2.2095414e+00  -5.5733581e+00
   2.3942751e+00  -5.4967435e+00
   2.5763489e+00  -5.4140060e+00
   2.7555599e+00  -5.3252381e+00
   2.9317087e+00  -5.2305387e+00
   3.1045990e+00  -5.1300137e+00
   3.2740384e+00  -5.0237752e+00
   3.4398383e+00  -4.9119416e+00
   3.6018141e+00  -4.7946379e+00
   3.7597857e+00  -4.6719948e+00
   3.9135771e+00  -4.5441490e+00
   4.0630173e+00  -4.4112432e+00
   4.2079400e+00  -4.2734254e+00
   4.3481840e+00  -4.1308493e+00
   4.4835933e+00  -3.9836737e+00
   4.6140173e+00  -3.8320627e+00
   4.7393110e+00  -3.6761851e+00
   4.8593351e+00  -3.5162146e+00
   4.9739561e+00  -3.3523294e+00
   5.0830466e+00  -3.1847121e+00
   5.1864854e+00  -3.0135492e+00
   5.2841576e+00  -2.8390313e+00
   5.3759545e+00  -2.6613528e+00
   5.4617742e+00  -2.4807114e+00
   5.5415214e+00  -2.2973083e+00
   5.6151075e+00  -2.1113475e+00
   5.6824508e+00  -1.9230361e+00
   5.7434765e+00  -1.7325835e+00
   5.7981170e+00  -1.5402017e+00
   5.8463115e+00  -1.3461048e+00
   5.8880067e+00  -1.1505087e+00
   5.9231563e+00  -9.5363101e-01
   5.9517213e+00  -7.5569072e-01
   5.9736702e+00  -5.5690800e-01
   5.9889787e+00  -3.5750396e-01
   5.9976299e+00  -1.5770036e-01
   5.9996143e+00   4.2280600e-02
   5.9949298e+00   2.4221653e-01
   5.9835818e+00   4.4188512e-01
   5.9655831e+00   6.4106435e-01
   5.9409537e+00   8.3953277e-01
   5.9097212e+00   1.0370697e+00
   5.8719205e+00   1.2334556e+00
   5.8275935e+00   1.4284722e+00
   5.7767899e+00   1.6219025e+00
   5.7195660e+00   1.8135317e+00
   5.6559858e+00   2.0031468e+00
   5.5861198e+00   2.1905369e+00
   5.5100459e+00   2.3754939e+00
   5.4278488e+00   2.5578122e+00
   5.3396198e+00   2.7372891e+00
   5.2454571e+00   2.9137253e+00
   5.1454655e+00   3.0869246e+00
   5.0397562e+00   3.2566946e+00
   4.9284467e+00   3.4228467e+00
   4.8116608e+00   3.5851962e+00
   4.6895283e+00   3.7435628e+00
   4.5621851e+00   3.8977705e+00
   4.4297726e+00   4.0476480e+00
   4.2924382e+00   4.1930288e+00
   4.1503345e+00   4.3337514e+00
   4.0036193e+00   4.4696594e+00
   3.8524559e+00   4.6006019e+00
   3.6970122e+00   4.7264334e+00
   3.5374609e+00   4.8470142e+00
   3.3739794e+00   4.9622102e+00
   3.2067494e+00   5.0718935e+00
   3.0359567e+00   5.1759424e+00
   2.8617911e+00   5.2742412e+00
   2.6844461e+00   5.3666808e+00
   2.5041188e+00   5.4531585e+00
   2.3210095e+00   5.5335782e+00
   2.1353218e+00   5.6078507e+00
   1.9472620e+00   5.6758934e+00
   1.7570389e+00   5.7376308e+00
   1.5648640e+00   5.7929944e+00
   1.3709508e+00   5.8419226e+00
   1.1755146e+00   5.8843611e+00
   9.7877267e-01   5.9202628e+00
   7.8094355e-01   5.9495879e+00
   5.8224703e-01   5.9723038e+00
   3.8290384e-01   5.9883853e+00
   1.8313544e-01   5.9978145e+00
  -1.6836224e-02   6.0005811e+00
  -2.1678901e-01   5.9966818e+00
  -4.1650079e-01   5.9861212e+00
  -6.1574970e-01   5.9689109e+00
  -8.1431439e-01   5.9450701e+00
  -1.0119743e+00   5.9146252e+00
  -1.2085098e+00   5.8776102e+00
  -1.4037026e+00   5.8340661e+00
  -1.5973359e+00   5.7840414e+00
  -1.7891945e+00   5.7275915e+00
  -1.9790654e+00   5.6647793e+00
  -2.1667376e+00   5.5956745e+00
  -2.3520026e+00   5.5203540e+00
  -2.5346547e+00   5.4389012e+00
  -2.7144909e+00   5.3514069e+00
  -2.8913115e+00   5.2579681e+00
  -3.0649200e+00   5.1586887e+00
  -3.2351236e+00   5.0536789e+00
  -3.4017332e+00   4.9430554e+00
  -3.5645638e+00   4.8269412e+00
  -3.7234344e+00   4.7054651e+00
  -3.8781687e+00   4.5787621e+00
  -4.0285946e+00   4.4469730e+00
  -4.1745451e+00   4.3102442e+00
  -4.3158581e+00   4.1687276e+00
  -4.4523766e+00   4.0225803e+00
  -4.5839490e+00   3.8719648e+00
  -4.7104290e+00   3.7170483e+00
  -4.8316762e+00   3.5580029e+00
  -4.9475558e+00   3.3950052e+00
  -5.0579393e+00   3.2282365e+00
  -5.1627038e+00   3.0578818e+00
  -5.2617332e+00   2.8841305e+00
  -5.3549172e+00   2.7071756e+00
  -5.4421525e+00   2.5272136e+00
  -5.5233422e+00   2.3444444e+00
  -5.5983959e+00   2.1590711e+00
  -5.6672304e+00   1.9712996e+00
  -5.7297691e+00   1.7813385e+00
  -5.7859427e+00   1.5893988e+00
  -5.8356886e+00   1.3956937e+00
  -5.8789517e+00   1.2004384e+00
  -5.9156838e+00   1.0038499e+00
  -5.9458442e+00   8.0614635e-01
  -5.9693993e+00   6.0754757e-01
  -5.9863230e+00   4.0827411e-01
  -5.9965965e+00   2.0854735e-01
  -6.0002082e+00   8.5891633e-03
  -5.9971543e+00  -1.9137832e-01
  -5.9874381e+00  -3.9113296e-01
  -5.9710704e+00  -5.9045286e-01
  -5.9480694e+00  -7.8911658e-01
  -5.9184606e+00  -9.8690343e-01
  -5.8822768e+00  -1.1835937e+00
  -5.8395584e+00  -1.3789689e+00
  -5.7903527e+00  -1.5728119e+00
  -5.7347144e+00  -1.7649075e+00
  -5.6727053e+00  -1.9550421e+00
  -5.6043943e+00  -2.1430047e+00
  -5.5298573e+00  -2.3285863e+00
  -5.4491770e+00  -2.5115809e+00
  -5.3624430e+00  -2.6917851e+00
  -5.2697518e+00  -2.8689987e+00
  -5.1712063e+00  -3.0430249e+00
  -5.0669160e+00  -3.2136702e+00
  -4.9569967e+00  -3.3807453e+00
  -4.8415705e+00  -3.5440643e+00
  -4.7207656e+00  -3.7034460e+00
  -4.5947163e+00  -3.8587132e+00
  -4.4635626e+00  -4.0096934e+00
  -4.3274502e+00  -4.1562189e+00
  -4.1865302e+00  -4.2981269e+00
  -4.0409593e+00  -4.4352598e+00
  -3.8908991e+00  -4.5674651e+00
  -3.7365164e+00  -4.6945962e+00
  -3.5779826e+00  -4.8165116e+00
  -3.4154739e+00  -4.9330759e+00
  -3.2491708e+00  -5.0441597e+00
  -3.0792581e+00  -5.1496395e+00
  -2.9059245e+00  -5.2493982e+00
  -2.7293626e+00  -5.3433248e+00
  -2.5497686e+00  -5.4313152e+00
  -2.3673419e+00  -5.5132714e+00
  -2.1822852e+00  -5.5891024e+00
  -1.9948042e+00  -5.6587241e+00
  -1.8051070e+00  -5.7220590e+00
  -1.6134045e+00  -5.7790368e+00
  -1.4199096e+00  -5.8295941e+00
  -1.2248373e+00  -5.8736748e+00
  -1.0284043e+00  -5.9112300e+00
  -8.3082877e-01  -5.9422178e+00
  -6.3233031e-01  -5.9666040e+00
  -4.3312940e-01  -5.9843612e+00
  -2.3344736e-01  -5.9954699e+00
  -3.3506022e-02  -5.9999177e+00
   1.6647248e-01  -5.9976997e+00
   3.6626598e-01  -5.9888182e+00
   5.6565250e-01  -5.9732832e+00
   7.6441053e-01  -5.9511119e+00
   9.6231926e-01  -5.9223290e+00
   1.1591588e+00  -5.8869664e+00
   1.3547105e+00  -5.8450634e+00
   1.5487570e+00  -5.7966666e+00
   1.7410829e+00  -5.7418297e+00
   1.9314744e+00  -5.6806136e+00
   2.1197199e+00  -5.6130864e+00
   2.3056105e+00  -5.5393230e+00
   2.4889394e+00  -5.4594055e+00
   2.6695032e+00  -5.3734225e+00
   2.8471010e+00  -5.2814697e+00
   3.0215357e+00  -5.1836492e+00
   3.1926135e+00  -5.0800696e+00
   3.3601442e+00  -4.9708461e+00
   3.5239417e+00  -4.8561000e+00
   3.6838242e+00  -4.7359587e+00
   3.8396138e+00  -4.6105557e+00
   3.9911377e+00  -4.4800304e+00
   4.1382273e+00  -4.3445278e+00
   4.2807193e+00  -4.2041983e+00
   4.4184554e+00  -4.0591980e+00
   4.5512825e+00  -3.9096879e+00
   4.6790531e+00  -3.7558341e+00
   4.8016253e+00  -3.5978076e+00
   4.9188628e+00  -3.4357838e+00
   5.0306353e+00  -3.2699429e+00
   5.1368188e+00  -3.1004691e+00
   5.2372953e+00  -2.9275506e+00
   5.3319530e+00  -2.7513795e+00
   5.4206869e+00  -2.5721517e+00
   5.5033984e+00  -2.3900662e+00
   5.5799955e+00  -2.2053253e+00
   5.6503932e+00  -2.0181342e+00
   5.7145132e+00  -1.8287010e+00
   5.7722843e+00  -1.6372361e+00
   5.8236424e+00  -1.4439522e+00
   5.8685303e+00  -1.2490640e+00
   5.9068982e+00  -1.0527881e+00
   5.9387035e+00  -8.5534256e-01
   5.9639108e+00  -6.5694671e-01
   5.9824921e+00  -4.5782098e-01
   5.9944269e+00  -2.5818661e-01
   5.9997017e+00  -5.8265382e-02
   5.9983108e+00   1.4172058e-01
   5.9902557e+00   3.4154910e-01
   5.9755453e+00   5.4099816e-01
   5.9541960e+00   7.3984616e-01
   5.9262316e+00   9.3787220e-01
   5.8916830e+00   1.1348562e+00
   5.8505887e+00   1.3305795e+00
   5.8029943e+00   1.5248244e+00
   5.7489527e+00   1.7173752e+00
   5.6885239e+00   1.9080181e+00
   5.6217751e+00   2.0965411e+00
   5.5487805e+00   2.2827348e+00
   5.4696210e+00   2.4663924e+00
   5.3843848e+00   2.6473098e+00
   5.2931664e+00   2.8252860e+00
   5.1960673e+00   3.0001232e+00
   5.0931952e+00   3.1716274e+00
   4.9846645e+00   3.3396078e+00
   4.8705958e+00   3.5038778e+00
   4.7511158e+00   3.6642550e+00
   4.6263573e+00   3.8205612e+00
   4.4964588e+00   3.9726227e+00
   4.3615647e+00   4.1202706e+00
   4.2218248e+00   4.2633408e+00
   4.0773944e+00   4.4016744e+00
   3.9284339e+00   4.5351177e+00
   3.7751089e+00   4.6635224e+00
   3.6175898e+00   4.7867459e+00
   3.4560514e+00   4.9046512e+00
   3.2906733e+00   5.0171075e+00
   3.1216392e+00   5.1239896e+00
   2.9491369e+00   5.2251790e+00
   2.7733581e+00   5.3205631e+00
   2.5944981e+00   5.4100360e+00
   2.4127555e+00   5.4934984e+00
   2.2283323e+00   5.5708573e+00
   2.0414334e+00   5.6420270e+00
   1.8522665e+00   5.7069283e+00
   1.6610416e+00   5.7654892e+00
   1.4679713e+00   5.8176446e+00
   1.2732701e+00   5.8633364e+00
   1.0771542e+00   5.9025141e+00
   8.7984158e-01   5.9351339e+00
   6.8155145e-01   5.9611598e+00
   4.8250411e-01   5.9805628e+00
   2.8292068e-01   5.9933213e+00
   8.3022928e-02   5.9994211e+00
  -1.1696707e-01   5.9988556e+00
  -3.1682713e-01   5.9916252e+00
  -5.1633520e-01   5.9777380e+00
  -7.1526962e-01   5.9572096e+00
  -9.1340937e-01   5.9300626e+00
  -1.1105343e+00   5.8963272e+00
  -1.3064255e+00   5.8560410e+00
  -1.5008652e+00   5.8092486e+00
  -1.6936374e+00   5.7560021e+00
  -1.8845280e+00   5.6963606e+00
  -2.0733248e+00   5.6303904e+00
  -2.2598182e+00   5.5581648e+00
  -2.4438009e+00   5.4797640e+00
  -2.6250685e+00   5.3952751e+00
  -2.8034197e+00   5.3047920e+00
  -2.9786562e+00   5.2084152e+00
  -3.1505834e+00   5.1062518e+00
  -3.3190103e+00   4.9984154e+00
  -3.4837497e+00   4.8850256e+00
  -3.6446187e+00   4.7662085e+00
  -3.8014384e+00   4.6420961e+00
  -3.9540347e+00   4.5128263e+00
  -4.1022381e+00   4.3785427e+00
  -4.2458838e+00   4.2393945e+00
  -4.3848123e+00   4.0955363e+00
  -4.5188693e+00   3.9471278e+00
  -4.6479057e+00   3.7943341e+00
  -4.7717783e+00   3.6373249e+00
  -4.8903494e+00   3.4762745e+00
  -5.0034873e+00   3.3113620e+00
  -5.1110662e+00   3.1427705e+00
  -5.2129667e+00   2.9706874e+00
  -5.3090756e+00   2.7953038e+00
  -5.3992860e+00   2.6168145e+00
  -5.4834978e+00   2.4354180e+00
  -5.5616173e+00   2.2513157e+00
  -5.6335579e+00   2.0647122e+00
  -5.6992395e+00   1.8758147e+00
  -5.7585892e+00   1.6848332e+00
  -5.8115411e+00   1.4919799e+00
  -5.8580363e+00   1.2974689e+00
  -5.8980231e+00   1.1015164e+00
  -5.9314572e+00   9.0434016e-01
  -5.9583014e+00   7.0615915e-01
  -5.9785259e+00   5.0719360e-01
  -5.9921082e+00   3.0766455e-01
  -5.9990332e+00   1.0779368e-01
  -5.9992932e+00  -9.2196957e-02
  -5.9928880e+00  -2.9208516e-01
  -5.9798246e+00  -4.9164886e-01
  -5.9601175e+00  -6.9066633e-01
  -5.9337888e+00  -8.8891646e-01
  -5.9008675e+00  -1.0861790e+00
  -5.8613903e+00  -1.2822348e+00
  -5.8154011e+00  -1.4768660e+00
  -5.7629509e+00  -1.6698564e+00
  -5.7040980e+00  -1.8609916e+00
  -5.6389078e+00  -2.0500592e+00
  -5.5674528e+00  -2.2368492e+00
  -5.4898122e+00  -2.4211540e+00
  -5.4060725e+00  -2.6027689e+00
  -5.3163265e+00  -2.7814921e+00
  -5.2206740e+00  -2.9571251e+00
  -5.1192214e+00  -3.1294726e+00
  -5.0120812e+00  -3.2983433e+00
  -4.8993726e+00  -3.4635495e+00
  -4.7812207e+00  -3.6249077e+00
  -4.6577569e+00  -3.7822385e+00
  -4.5291182e+00  -3.9353673e+00
  -4.3954477e+00  -4.0841238e+00
  -4.2568938e+00  -4.2283429e+00
  -4.1136104e+00  -4.3678642e+00
  -3.9657568e+00  -4.5025328e+00
  -3.8134972e+00  -4.6321990e+00
  -3.6570007e+00  -4.7567188e+00
  -3.4964413e+00  -4.8759539e+00
  -3.3319974e+00  -4.9897717e+00
  -3.1638515e+00  -5.0980459e+00
  -2.9921906e+00  -5.2006561e+00
  -2.8172054e+00  -5.2974883e+00
  -2.6390902e+00  -5.3884350e+00
  -2.4580429e+00  -5.4733951e+00
  -2.2742648e+00  -5.5522742e+00
  -2.0879599e+00  -5.6249847e+00
  -1.8993353e+00  -5.6914457e+00
  -1.7086005e+00  -5.7515836e+00
  -1.5159674e+00  -5.8053313e+00
  -1.3216501e+00  -5.8526293e+00
  -1.1258644e+00  -5.8934250e+00
  -9.2882787e-01  -5.9276730e+00
  -7.3075940e-01  -5.9553354e+00
  -5.3187906e-01  -5.9763813e+00
  -3.3240780e-01  -5.9907874e+00
  -1.3256723e-01  -5.9985377e+00
   6.7420626e-02  -5.9996236e+00
   2.6733358e-01  -5.9940438e+00
   4.6694952e-01  -5.9818046e+00
   6.6604667e-01  -5.9629196e+00
   8.6440384e-01  -5.9374098e+00
