   4.0000000e+00   6.0000000e+00
   4.0388665e+00   5.7427242e+00
   4.0769283e+00   5.4994342e+00
   4.1146552e+00   5.2701719e+00
   4.1521716e+00   5.0546231e+00
   4.1894601e+00   4.8523329e+00
   4.2264471e+00   4.6628001e+00
   4.2630379e+00   4.4855177e+00
   4.2991306e+00   4.3199906e+00
   4.3346210e+00   4.1657419e+00
   4.3694050e+00   4.0223144e+00
   4.4033788e+00   3.8892703e+00
   4.4364390e+00   3.7661899e+00
   4.4684829e+00   3.6526699e+00
   4.4994086e+00   3.5483216e+00
   4.5291154e+00   3.4527700e+00
   4.5575039e+00   3.3656514e+00
   4.5844767e+00   3.2866130e+00
   4.6099388e+00   3.2153117e+00
   4.6337981e+00   3.1514130e+00
   4.6559661e+00   3.0945902e+00
   4.6763583e+00   3.0445245e+00
   4.6948945e+00   3.0009038e+00
   4.7114996e+00   2.9634228e+00
   4.7261036e+00   2.9317830e+00
   4.7386423e+00   2.9056919e+00
   4.7490571e+00   2.8848638e+00
   4.7572954e+00   2.8690192e+00
   4.7633109e+00   2.8578851e+00
   4.7670633e+00   2.8511949e+00
   4.7685185e+00   2.8486888e+00
   4.7676484e+00   2.8501136e+00
   4.7644309e+00   2.8552228e+00
   4.7588498e+00   2.8637771e+00
   4.7508945e+00   2.8755437e+00
   4.7405598e+00   2.8902972e+00
   4.7278456e+00   2.9078191e+00
   4.7127568e+00   2.9278980e+00
   4.6953032e+00   2.9503295e+00
   4.6754986e+00   2.9749163e+00
   4.6533613e+00   3.0014682e+00
   4.6289131e+00   3.0298017e+00
   4.6021797e+00   3.0597405e+00
   4.5731899e+00   3.0911148e+00
   4.5419757e+00   3.1237616e+00
   4.5085718e+00   3.1575245e+00
   4.4730154e+00   3.1922534e+00
   4.4353461e+00   3.2278046e+00
   4.3956057e+00   3.2640404e+00
   4.3538377e+00   3.3008291e+00
   4.3100874e+00   3.3380450e+00
   4.2644015e+00   3.3755679e+00
   4.2168282e+00   3.4132831e+00
   4.1674166e+00   3.4510811e+00
   4.1162171e+00   3.4888579e+00
   4.0632808e+00   3.5265142e+00
   4.0086595e+00   3.5639556e+00
   3.9524057e+00   3.6010922e+00
   3.8945725e+00   3.6378390e+00
   3.8352131e+00   3.6741149e+00
   3.7743814e+00   3.7098432e+00
   3.7121313e+00   3.7449511e+00
   3.6485167e+00   3.7793699e+00
   3.5835919e+00   3.8130345e+00
   3.5174109e+00   3.8458832e+00
   3.4500280e+00   3.8778580e+00
   3.3814970e+00   3.9089042e+00
   3.3118719e+00   3.9389702e+00
   3.2412062e+00   3.9680076e+00
   3.1695534e+00   3.9959709e+00
   3.0969666e+00   4.0228174e+00
   3.0234987e+00   4.0485072e+00
   2.9492021e+00   4.0730031e+00
   2.8741291e+00   4.0962702e+00
   2.7983315e+00   4.1182763e+00
   2.7218605e+00   4.1389914e+00
   2.6447673e+00   4.1583879e+00
   2.5671024e+00   4.1764402e+00
   2.4889159e+00   4.1931250e+00
   2.4102574e+00   4.2084210e+00
   2.3311762e+00   4.2223086e+00
   2.2517211e+00   4.2347705e+00
   2.1719402e+00   4.2457908e+00
   2.0918813e+00   4.2553557e+00
   2.0115917e+00   4.2634531e+00
   1.9311182e+00   4.2700722e+00
   1.8505071e+00   4.2752041e+00
   1.7698041e+00   4.2788415e+00
   1.6890545e+00   4.2809784e+00
   1.6083029e+00   4.2816103e+00
   1.5275936e+00   4.2807341e+00
   1.4469703e+00   4.2783482e+00
   1.3664761e+00   4.2744523e+00
   1.2861536e+00   4.2690472e+00
   1.2060449e+00   4.2621351e+00
   1.1261915e+00   4.2537195e+00
   1.0466344e+00   4.2438049e+00
   9.6741400e-01   4.2323971e+00
   8.8857018e-01   4.2195031e+00
   8.1014225e-01   4.2051308e+00
   7.3216894e-01   4.1892892e+00
   6.5468841e-01   4.1719886e+00
   5.7773826e-01   4.1532401e+00
   5.0135549e-01   4.1330558e+00
   4.2557651e-01   4.1114488e+00
   3.5043713e-01   4.0884333e+00
   2.7597257e-01   4.0640243e+00
   2.0221742e-01   4.0382377e+00
   1.2920567e-01   4.0110903e+00
   5.6970665e-02   3.9825999e+00
  -1.4454867e-02   3.9527850e+00
  -8.5038853e-02   3.9216650e+00
  -1.5474987e-01   3.8892602e+00
  -2.2355714e-01   3.8555914e+00
  -2.9143059e-01   3.8206806e+00
  -3.5834080e-01   3.7845503e+00
  -4.2425903e-01   3.7472238e+00
  -4.8915726e-01   3.7087251e+00
  -5.5300817e-01   3.6690790e+00
  -6.1578517e-01   3.6283108e+00
  -6.7746239e-01   3.5864467e+00
  -7.3801469e-01   3.5435135e+00
  -7.9741770e-01   3.4995386e+00
  -8.5564780e-01   3.4545499e+00
  -9.1268215e-01   3.4085761e+00
  -9.6849870e-01   3.3616465e+00
  -1.0230762e+00   3.3137907e+00
  -1.0763941e+00   3.2650392e+00
  -1.1284329e+00   3.2154228e+00
  -1.1791737e+00   3.1649728e+00
  -1.2285985e+00   3.1137211e+00
  -1.2766903e+00   3.0617001e+00
  -1.3234327e+00   3.0089424e+00
  -1.3688104e+00   2.9554814e+00
  -1.4128088e+00   2.9013505e+00
  -1.4554144e+00   2.8465840e+00
  -1.4966144e+00   2.7912160e+00
  -1.5363971e+00   2.7352813e+00
  -1.5747515e+00   2.6788150e+00
  -1.6116677e+00   2.6218523e+00
  -1.6471366e+00   2.5644290e+00
  -1.6811503e+00   2.5065808e+00
  -1.7137016e+00   2.4483438e+00
  -1.7447844e+00   2.3897544e+00
  -1.7743935e+00   2.3308489e+00
  -1.8025247e+00   2.2716641e+00
  -1.8291748e+00   2.2122367e+00
  -1.8543417e+00   2.1526035e+00
  -1.8780240e+00   2.0928014e+00
  -1.9002215e+00   2.0328674e+00
  -1.9209351e+00   1.9728386e+00
  -1.9401666e+00   1.9127519e+00
  -1.9579187e+00   1.8526442e+00
  -1.9741952e+00   1.7925524e+00
  -1.9890010e+00   1.7325133e+00
  -2.0023420e+00   1.6725637e+00
  -2.0142249e+00   1.6127399e+00
  -2.0246577e+00   1.5530784e+00
  -2.0336493e+00   1.4936152e+00
  -2.0412094e+00   1.4343863e+00
  -2.0473491e+00   1.3754273e+00
  -2.0520801e+00   1.3167734e+00
  -2.0554155e+00   1.2584597e+00
  -2.0573690e+00   1.2005207e+00
  -2.0579555e+00   1.1429907e+00
  -2.0571909e+00   1.0859036e+00
  -2.0550919e+00   1.0292925e+00
  -2.0516762e+00   9.7319050e-01
  -2.0469625e+00   9.1762980e-01
  -2.0409704e+00   8.6264223e-01
  -2.0337205e+00   8.0825902e-01
  -2.0252340e+00   7.5451078e-01
  -2.0155334e+00   7.0142748e-01
  -2.0046418e+00   6.4903843e-01
  -1.9925831e+00   5.9737224e-01
  -1.9793822e+00   5.4645680e-01
  -1.9650648e+00   4.9631925e-01
  -1.9496571e+00   4.4698592e-01
  -1.9331865e+00   3.9848238e-01
  -1.9156808e+00   3.5083331e-01
  -1.8971687e+00   3.0406258e-01
  -1.8776794e+00   2.5819313e-01
  -1.8572430e+00   2.1324700e-01
  -1.8358900e+00   1.6924530e-01
  -1.8136517e+00   1.2620818e-01
  -1.7905598e+00   8.4154786e-02
  -1.7666466e+00   4.3103286e-02
  -1.7419451e+00   3.0708049e-03
  -1.7164884e+00  -3.5926572e-02
  -1.6903103e+00  -7.3873823e-02
  -1.6634450e+00  -1.1075701e-01
  -1.6359270e+00  -1.4656329e-01
  -1.6077911e+00  -1.8128093e-01
  -1.5790725e+00  -2.1489933e-01
  -1.5498066e+00  -2.4740902e-01
  -1.5200289e+00  -2.7880169e-01
  -1.4897754e+00  -3.0907018e-01
  -1.4590818e+00  -3.3820849e-01
  -1.4279843e+00  -3.6621182e-01
  -1.3965190e+00  -3.9307651e-01
  -1.3647218e+00  -4.1880012e-01
  -1.3326289e+00  -4.4338138e-01
  -1.3002762e+00  -4.6682019e-01
  -1.2676997e+00  -4.8911765e-01
  -1.2349350e+00  -5.1027604e-01
  -1.2020177e+00  -5.3029880e-01
  -1.1689831e+00  -5.4919055e-01
  -1.1358660e+00  -5.6695707e-01
  -1.1027012e+00  -5.8360528e-01
  -1.0695229e+00  -5.9914326e-01
  -1.0363651e+00  -6.1358018e-01
  -1.0032611e+00  -6.2692635e-01
  -9.7024372e-01  -6.3919316e-01
  -9.3734548e-01  -6.5039306e-01
  -9.0459809e-01  -6.6053956e-01
  -8.7203274e-01  -6.6964721e-01
  -8.3967993e-01  -6.7773155e-01
  -8.0756947e-01  -6.8480911e-01
  -7.7573043e-01  -6.9089734e-01
  -7.4419111e-01  -6.9601466e-01
  -7.1297903e-01  -7.0018034e-01
  -6.8212085e-01  -7.0341451e-01
  -6.5164236e-01  -7.0573816e-01
  -6.2156845e-01  -7.0717301e-01
  -5.9192309e-01  -7.0774159e-01
  -5.6272929e-01  -7.0746710e-01
  -5.3400906e-01  -7.0637342e-01
  -5.0578342e-01  -7.0448508e-01
  -4.7807235e-01  -7.0182718e-01
  -4.5089479e-01  -6.9842537e-01
  -4.2426859e-01  -6.9430582e-01
  -3.9821053e-01  -6.8949513e-01
  -3.7273628e-01  -6.8402033e-01
  -3.4786039e-01  -6.7790881e-01
  -3.2359629e-01  -6.7118829e-01
  -2.9995627e-01  -6.6388673e-01
  -2.7695150e-01  -6.5603236e-01
  -2.5459196e-01  -6.4765354e-01
  -2.3288652e-01  -6.3877878e-01
  -2.1184290e-01  -6.2943667e-01
  -1.9146765e-01  -6.1965582e-01
  -1.7176619e-01  -6.0946483e-01
  -1.5274282e-01  -5.9889222e-01
  -1.3440069e-01  -5.8796642e-01
  -1.1674186e-01  -5.7671567e-01
  -9.9767270e-02  -5.6516804e-01
  -8.3476786e-02  -5.5335131e-01
  -6.7869199e-02  -5.4129298e-01
  -5.2942256e-02  -5.2902022e-01
  -3.8692676e-02  -5.1655980e-01
  -2.5116176e-02  -5.0393806e-01
  -1.2207496e-02  -4.9118089e-01
   3.9576387e-05  -4.7831367e-01
   1.1632171e-02  -4.6536123e-01
   2.2578308e-02  -4.5234783e-01
   3.2886867e-02  -4.3929712e-01
   4.2567547e-02  -4.2623210e-01
   5.1630840e-02  -4.1317509e-01
   6.0087986e-02  -4.0014772e-01
   6.7950939e-02  -3.8717087e-01
   7.5232327e-02  -3.7426468e-01
   8.1945414e-02  -3.6144849e-01
   8.8104056e-02  -3.4874088e-01
   9.3722663e-02  -3.3615956e-01
   9.8816152e-02  -3.2372145e-01
   1.0339991e-01  -3.1144260e-01
   1.0748975e-01  -2.9933819e-01
   1.1110185e-01  -2.8742255e-01
   1.1425275e-01  -2.7570912e-01
   1.1695927e-01  -2.6421046e-01
   1.1923848e-01  -2.5293825e-01
   1.2110764e-01  -2.4190326e-01
   1.2258422e-01  -2.3111540e-01
   1.2368576e-01  -2.2058368e-01
   1.2442990e-01  -2.1031625e-01
   1.2483433e-01  -2.0032037e-01
   1.2491673e-01  -1.9060245e-01
   1.2469472e-01  -1.8116806e-01
   1.2418586e-01  -1.7202193e-01
   1.2340759e-01  -1.6316795e-01
   1.2237719e-01  -1.5460925e-01
   1.2111175e-01  -1.4634813e-01
   1.1962814e-01  -1.3838615e-01
   1.1794298e-01  -1.3072414e-01
   1.1607260e-01  -1.2336219e-01
   1.1403300e-01  -1.1629971e-01
   1.1183986e-01  -1.0953542e-01
   1.0950848e-01  -1.0306742e-01
   1.0705377e-01  -9.6893180e-02
   1.0449023e-01  -9.1009601e-02
   1.0183191e-01  -8.5413013e-02
   9.9092423e-02  -8.0099224e-02
   9.6284891e-02  -7.5063545e-02
   9.3421961e-02  -7.0300821e-02
   9.0515778e-02  -6.5805465e-02
   8.7577973e-02  -6.1571484e-02
   8.4619653e-02  -5.7592517e-02
   8.1651399e-02  -5.3861863e-02
   7.8683252e-02  -5.0372513e-02
   7.5724712e-02  -4.7117180e-02
   7.2784736e-02  -4.4088334e-02
   6.9871736e-02  -4.1278229e-02
   6.6993579e-02  -3.8678937e-02
   6.4157586e-02  -3.6282374e-02
   6.1370544e-02  -3.4080330e-02
   5.8638701e-02  -3.2064501e-02
   5.5967778e-02  -3.0226513e-02
   5.3362977e-02  -2.8557948e-02
   5.0828987e-02  -2.7050375e-02
   4.8369995e-02  -2.5695371e-02
   4.5989699e-02  -2.4484547e-02
   4.3691319e-02  -2.3409569e-02
   4.1477609e-02  -2.2462181e-02
   3.9350874e-02  -2.1634230e-02
   3.7312981e-02  -2.0917677e-02
   3.5365381e-02  -2.0304625e-02
   3.3509117e-02  -1.9787328e-02
   3.1744849e-02  -1.9358214e-02
   3.0072864e-02  -1.9009896e-02
   2.8493102e-02  -1.8735186e-02
   2.7005165e-02  -1.8527111e-02
   2.5608345e-02  -1.8378919e-02
   2.4301634e-02  -1.8284094e-02
   2.3083750e-02  -1.8236360e-02
   2.1953149e-02  -1.8229693e-02
   2.0908051e-02  -1.8258328e-02
   1.9946453e-02  -1.8316758e-02
   1.9066151e-02  -1.8399748e-02
   1.8264756e-02  -1.8502329e-02
   1.7539716e-02  -1.8619806e-02
   1.6888329e-02  -1.8747758e-02
   1.6307765e-02  -1.8882038e-02
   1.5795079e-02  -1.9018771e-02
   1.5347232e-02  -1.9154354e-02
   1.4961106e-02  -1.9285453e-02
   1.4633516e-02  -1.9409002e-02
   1.4361231e-02  -1.9522194e-02
   1.4140984e-02  -1.9622482e-02
   1.3969491e-02  -1.9707570e-02
   1.3843457e-02  -1.9775407e-02
   1.3759596e-02  -1.9824184e-02
   1.3714640e-02  -1.9852323e-02
   1.3705351e-02  -1.9858472e-02
   1.3728530e-02  -1.9841496e-02
   1.3781029e-02  -1.9800469e-02
   1.3859762e-02  -1.9734666e-02
   1.3961709e-02  -1.9643553e-02
   1.4083929e-02  -1.9526780e-02
   1.4223562e-02  -1.9384167e-02
   1.4377843e-02  -1.9215701e-02
   1.4544098e-02  -1.9021522e-02
   1.4719761e-02  -1.8801914e-02
   1.4902368e-02  -1.8557299e-02
   1.5089568e-02  -1.8288220e-02
   1.5279122e-02  -1.7995340e-02
   1.5468910e-02  -1.7679425e-02
   1.5656930e-02  -1.7341339e-02
   1.5841301e-02  -1.6982035e-02
   1.6020263e-02  -1.6602543e-02
   1.6192179e-02  -1.6203963e-02
   1.6355534e-02  -1.5787456e-02
   1.6508936e-02  -1.5354234e-02
   1.6651114e-02  -1.4905555e-02
   1.6780917e-02  -1.4442712e-02
   1.6897313e-02  -1.3967028e-02
   1.6999384e-02  -1.3479844e-02
   1.7086330e-02  -1.2982518e-02
   1.7157460e-02  -1.2476413e-02
   1.7212191e-02  -1.1962896e-02
   1.7250048e-02  -1.1443324e-02
   1.7270656e-02  -1.0919048e-02
   1.7273737e-02  -1.0391398e-02
   1.7259110e-02  -9.8616864e-03
   1.7226683e-02  -9.3311966e-03
   1.7176451e-02  -8.8011830e-03
   1.7108489e-02  -8.2728650e-03
   1.7022950e-02  -7.7474240e-03
   1.6920063e-02  -7.2259998e-03
   1.6800121e-02  -6.7096878e-03
   1.6663484e-02  -6.1995364e-03
   1.6510571e-02  -5.6965445e-03
   1.6341854e-02  -5.2016595e-03
   1.6157858e-02  -4.7157758e-03
   1.5959151e-02  -4.2397335e-03
   1.5746344e-02  -3.7743166e-03
   1.5520085e-02  -3.3202532e-03
   1.5281053e-02  -2.8782139e-03
   1.5029957e-02  -2.4488124e-03
   1.4767529e-02  -2.0326048e-03
   1.4494522e-02  -1.6300899e-03
   1.4211704e-02  -1.2417099e-03
   1.3919858e-02  -8.6785053e-04
   1.3619773e-02  -5.0884218e-04
   1.3312245e-02  -1.6496068e-04
   1.2998071e-02   1.6357151e-04
   1.2678047e-02   4.7658404e-04
   1.2352967e-02   7.7395720e-04
   1.2023615e-02   1.0556204e-03
   1.1690767e-02   1.3215506e-03
   1.1355185e-02   1.5717701e-03
   1.1017619e-02   1.8063455e-03
   1.0678801e-02   2.0253848e-03
   1.0339442e-02   2.2290361e-03
   1.0000236e-02   2.4174850e-03
   9.6618529e-03   2.5909531e-03
   9.3249378e-03   2.7496950e-03
   8.9901118e-03   2.8939969e-03
   8.6579693e-03   3.0241740e-03
   8.3290771e-03   3.1405683e-03
   8.0039737e-03   3.2435464e-03
   7.6831683e-03   3.3334974e-03
   7.3671407e-03   3.4108306e-03
   7.0563401e-03   3.4759734e-03
   6.7511855e-03   3.5293693e-03
   6.4520651e-03   3.5714752e-03
   6.1593362e-03   3.6027603e-03
   5.8733255e-03   3.6237032e-03
   5.5943290e-03   3.6347907e-03
   5.3226125e-03   3.6365152e-03
   5.0584115e-03   3.6293735e-03
   4.8019323e-03   3.6138646e-03
   4.5533520e-03   3.5904883e-03
   4.3128193e-03   3.5597433e-03
   4.0804552e-03   3.5221260e-03
   3.8563539e-03   3.4781287e-03
   3.6405833e-03   3.4282386e-03
   3.4331861e-03   3.3729359e-03
   3.2341807e-03   3.3126933e-03
   3.0435621e-03   3.2479744e-03
   2.8613029e-03   3.1792326e-03
   2.6873546e-03   3.1069105e-03
   2.5216482e-03   3.0314387e-03
   2.3640956e-03   2.9532348e-03
   2.2145910e-03   2.8727035e-03
   2.0730112e-03   2.7902348e-03
   1.9392175e-03   2.7062044e-03
   1.8130566e-03   2.6209727e-03
   1.6943614e-03   2.5348843e-03
   1.5829528e-03   2.4482682e-03
   1.4786401e-03   2.3614368e-03
   1.3812226e-03   2.2746863e-03
   1.2904905e-03   2.1882962e-03
   1.2062261e-03   2.1025291e-03
   1.1282046e-03   2.0176313e-03
   1.0561953e-03   1.9338320e-03
   9.8996273e-04   1.8513441e-03
   9.2926737e-04   1.7703640e-03
   8.7386670e-04   1.6910716e-03
   8.2351609e-04   1.6136311e-03
   7.7796972e-04   1.5381906e-03
   7.3698133e-04   1.4648831e-03
   7.0030509e-04   1.3938262e-03
   6.6769632e-04   1.3251231e-03
   6.3891221e-04   1.2588625e-03
   6.1371252e-04   1.1951193e-03
   5.9186020e-04   1.1339552e-03
   5.7312197e-04   1.0754189e-03
   5.5726894e-04   1.0195466e-03
   5.4407705e-04   9.6636309e-04
   5.3332758e-04   9.1588151e-04
   5.2480759e-04   8.6810445e-04
   5.1831029e-04   8.2302432e-04
   5.1363542e-04   7.8062395e-04
   5.1058954e-04   7.4087715e-04
   5.0898633e-04   7.0374933e-04
   5.0864678e-04   6.6919803e-04
   5.0939948e-04   6.3717354e-04
   5.1108067e-04   6.0761944e-04
   5.1353450e-04   5.8047318e-04
   5.1661301e-04   5.5566665e-04
   5.2017628e-04   5.3312670e-04
   5.2409244e-04   5.1277573e-04
   5.2823766e-04   4.9453216e-04
   5.3249616e-04   4.7831098e-04
   5.3676014e-04   4.6402425e-04
   5.4092973e-04   4.5158157e-04
   5.4491285e-04   4.4089058e-04
   5.4862515e-04   4.3185735e-04
   5.5198985e-04   4.2438690e-04
   5.5493755e-04   4.1838353e-04
   5.5740612e-04   4.1375129e-04
   5.5934044e-04   4.1039430e-04
   5.6069225e-04   4.0821713e-04
   5.6141988e-04   4.0712515e-04
   5.6148808e-04   4.0702484e-04
   5.6086773e-04   4.0782406e-04
   5.5953560e-04   4.0943236e-04
   5.5747410e-04   4.1176121e-04
   5.5467103e-04   4.1472427e-04
   5.5111927e-04   4.1823756e-04
   5.4681654e-04   4.2221967e-04
   5.4176512e-04   4.2659198e-04
   5.3597154e-04   4.3127874e-04
   5.2944635e-04   4.3620726e-04
   5.2220380e-04   4.4130802e-04
   5.1426159e-04   4.4651476e-04
   5.0564057e-04   4.5176459e-04
   4.9636450e-04   4.5699799e-04
   4.8645974e-04   4.6215897e-04
   4.7595504e-04   4.6719500e-04
   4.6488121e-04   4.7205709e-04
   4.5327093e-04   4.7669978e-04
   4.4115850e-04   4.8108113e-04
   4.2857956e-04   4.8516272e-04
   4.1557088e-04   4.8890959e-04
   4.0217016e-04   4.9229020e-04
   3.8841578e-04   4.9527641e-04
   3.7434663e-04   4.9784337e-04
   3.6000186e-04   4.9996948e-04
   3.4542076e-04   5.0163628e-04
   3.3064253e-04   5.0282841e-04
   3.1570614e-04   5.0353346e-04
   3.0065016e-04   5.0374188e-04
   2.8551262e-04   5.0344691e-04
   2.7033085e-04   5.0264442e-04
   2.5514138e-04   5.0133281e-04
   2.3997982e-04   4.9951289e-04
   2.2488073e-04   4.9718778e-04
   2.0987752e-04   4.9436272e-04
   1.9500240e-04   4.9104503e-04
   1.8028624e-04   4.8724389e-04
   1.6575857e-04   4.8297028e-04
   1.5144745e-04   4.7823682e-04
   1.3737946e-04   4.7305762e-04
   1.2357965e-04   4.6744822e-04
   1.1007148e-04   4.6142536e-04
   9.6876820e-05   4.5500696e-04
   8.4015921e-05   4.4821192e-04
   7.1507395e-05   4.4106002e-04
   5.9368215e-05   4.3357181e-04
   4.7613715e-05   4.2576851e-04
   3.6257596e-05   4.1767183e-04
   2.5311940e-05   4.0930394e-04
   1.4787230e-05   4.0068733e-04
   4.6923696e-06   3.9184468e-04
  -4.9652813e-06   3.8279881e-04
  -1.4179878e-05   3.7357256e-04
  -2.2947053e-05   3.6418872e-04
  -3.1263869e-05   3.5466992e-04
  -3.9128780e-05   3.4503857e-04
  -4.6541579e-05   3.3531677e-04
  -5.3503348e-05   3.2552624e-04
  -6.0016403e-05   3.1568830e-04
  -6.6084240e-05   3.0582373e-04
  -7.1711473e-05   2.9595277e-04
  -7.6903780e-05   2.8609507e-04
  -8.1667837e-05   2.7626959e-04
  -8.6011260e-05   2.6649462e-04
  -8.9942540e-05   2.5678773e-04
  -9.3470980e-05   2.4716570e-04
  -9.6606636e-05   2.3764452e-04
  -9.9360248e-05   2.2823938e-04
  -1.0174318e-04   2.1896460e-04
  -1.0376736e-04   2.0983368e-04
  -1.0544522e-04   2.0085922e-04
  -1.0678963e-04   1.9205298e-04
  -1.0781383e-04   1.8342580e-04
  -1.0853139e-04   1.7498768e-04
  -1.0895615e-04   1.6674772e-04
  -1.0910215e-04   1.5871412e-04
  -1.0898361e-04   1.5089427e-04
  -1.0861482e-04   1.4329465e-04
  -1.0801015e-04   1.3592093e-04
  -1.0718397e-04   1.2877793e-04
  -1.0615062e-04   1.2186969e-04
  -1.0492434e-04   1.1519944e-04
  -1.0351926e-04   1.0876964e-04
  -1.0194935e-04   1.0258202e-04
  -1.0022837e-04   9.6637575e-05
  -9.8369859e-05   9.0936633e-05
  -9.6387080e-05   8.5478842e-05
  -9.4293007e-05   8.0263217e-05
  -9.2100286e-05   7.5288172e-05
  -8.9821220e-05   7.0551548e-05
  -8.7467738e-05   6.6050642e-05
  -8.5051378e-05   6.1782240e-05
  -8.2583269e-05   5.7742652e-05
  -8.0074116e-05   5.3927742e-05
  -7.7534181e-05   5.0332961e-05
  -7.4973276e-05   4.6953377e-05
  -7.2400755e-05   4.3783711e-05
  -6.9825499e-05   4.0818370e-05
  -6.7255916e-05   3.8051472e-05
  -6.4699937e-05   3.5476883e-05
  -6.2165011e-05   3.3088249e-05
  -5.9658107e-05   3.0879019e-05
  -5.7185713e-05   2.8842480e-05
  -5.4753842e-05   2.6971785e-05
  -5.2368033e-05   2.5259979e-05
  -5.0033359e-05   2.3700026e-05
  -4.7754432e-05   2.2284836e-05
  -4.5535412e-05   2.1007288e-05
  -4.3380018e-05   1.9860256e-05
  -4.1291536e-05   1.8836631e-05
  -3.9272831e-05   1.7929342e-05
  -3.7326359e-05   1.7131374e-05
  -3.5454181e-05   1.6435794e-05
  -3.3657976e-05   1.5835763e-05
  -3.1939054e-05   1.5324554e-05
  -3.0298375e-05   1.4895571e-05
  -2.8736559e-05   1.4542360e-05
  -2.7253905e-05   1.4258625e-05
  -2.5850407e-05   1.4038237e-05
  -2.4525769e-05   1.3875250e-05
  -2.3279422e-05   1.3763906e-05
  -2.2110542e-05   1.3698647e-05
  -2.1018064e-05   1.3674120e-05
  -2.0000700e-05   1.3685189e-05
  -1.9056958e-05   1.3726935e-05
  -1.8185153e-05   1.3794661e-05
  -1.7383429e-05   1.3883900e-05
  -1.6649770e-05   1.3990414e-05
  -1.5982022e-05   1.4110197e-05
  -1.5377901e-05   1.4239475e-05
  -1.4835015e-05   1.4374708e-05
  -1.4350874e-05   1.4512586e-05
  -1.3922906e-05   1.4650033e-05
  -1.3548472e-05   1.4784197e-05
  -1.3224878e-05   1.4912455e-05
  -1.2949389e-05   1.5032405e-05
  -1.2719241e-05   1.5141861e-05
  -1.2531651e-05   1.5238852e-05
  -1.2383832e-05   1.5321616e-05
  -1.2273001e-05   1.5388592e-05
  -1.2196390e-05   1.5438415e-05
  -1.2151256e-05   1.5469913e-05
  -1.2134890e-05   1.5482093e-05
  -1.2144625e-05   1.5474142e-05
  -1.2177843e-05   1.5445416e-05
  -1.2231985e-05   1.5395430e-05
  -1.2304554e-05   1.5323856e-05
  -1.2393124e-05   1.5230510e-05
  -1.2495346e-05   1.5115346e-05
  -1.2608949e-05   1.4978452e-05
  -1.2731750e-05   1.4820032e-05
  -1.2861651e-05   1.4640410e-05
  -1.2996650e-05   1.4440013e-05
  -1.3134837e-05   1.4219366e-05
  -1.3274401e-05   1.3979085e-05
  -1.3413630e-05   1.3719868e-05
  -1.3550913e-05   1.3442488e-05
  -1.3684739e-05   1.3147784e-05
  -1.3813702e-05   1.2836655e-05
  -1.3936494e-05   1.2510053e-05
  -1.4051913e-05   1.2168974e-05
  -1.4158855e-05   1.1814452e-05
  -1.4256319e-05   1.1447555e-05
  -1.4343401e-05   1.1069374e-05
  -1.4419296e-05   1.0681020e-05
  -1.4483293e-05   1.0283617e-05
  -1.4534776e-05   9.8782973e-06
  -1.4573217e-05   9.4661949e-06
  -1.4598180e-05   9.0484410e-06
  -1.4609311e-05   8.6261593e-06
  -1.4606342e-05   8.2004614e-06
  -1.4589082e-05   7.7724425e-06
  -1.4557417e-05   7.3431773e-06
  -1.4511304e-05   6.9137167e-06
  -1.4450772e-05   6.4850842e-06
  -1.4375914e-05   6.0582729e-06
  -1.4286885e-05   5.6342426e-06
  -1.4183897e-05   5.2139173e-06
  -1.4067220e-05   4.7981829e-06
  -1.3937170e-05   4.3878853e-06
  -1.3794115e-05   3.9838287e-06
  -1.3638462e-05   3.5867737e-06
  -1.3470659e-05   3.1974368e-06
  -1.3291190e-05   2.8164888e-06
  -1.3100572e-05   2.4445540e-06
  -1.2899349e-05   2.0822101e-06
  -1.2688090e-05   1.7299876e-06
  -1.2467387e-05   1.3883696e-06
  -1.2237849e-05   1.0577918e-06
  -1.2000101e-05   7.3864324e-07
  -1.1754779e-05   4.3126588e-07
  -1.1502528e-05   1.3595587e-07
  -1.1244000e-05  -1.4703605e-07
  -1.0979848e-05  -4.1750365e-07
  -1.0710728e-05  -6.7528415e-07
  -1.0437292e-05  -9.2025718e-07
  -1.0160187e-05  -1.1523435e-06
  -9.8800561e-06  -1.3715038e-06
  -9.5975300e-06  -1.5777369e-06
  -9.3132305e-06  -1.7710790e-06
  -9.0277659e-06  -1.9516012e-06
  -8.7417300e-06  -2.1194086e-06
  -8.4557004e-06  -2.2746382e-06
  -8.1702372e-06  -2.4174575e-06
  -7.8858812e-06  -2.5480623e-06
  -7.6031534e-06  -2.6666754e-06
  -7.3225533e-06  -2.7735444e-06
  -7.0445585e-06  -2.8689401e-06
  -6.7696234e-06  -2.9531548e-06
  -6.4981789e-06  -3.0265000e-06
  -6.2306317e-06  -3.0893050e-06
  -5.9673637e-06  -3.1419153e-06
  -5.7087320e-06  -3.1846901e-06
  -5.4550684e-06  -3.2180013e-06
  -5.2066794e-06  -3.2422313e-06
  -4.9638460e-06  -3.2577717e-06
  -4.7268241e-06  -3.2650214e-06
  -4.4958444e-06  -3.2643851e-06
  -4.2711126e-06  -3.2562717e-06
  -4.0528099e-06  -3.2410930e-06
  -3.8410934e-06  -3.2192620e-06
  -3.6360963e-06  -3.1911919e-06
  -3.4379287e-06  -3.1572945e-06
  -3.2466782e-06  -3.1179789e-06
  -3.0624104e-06  -3.0736505e-06
  -2.8851694e-06  -3.0247101e-06
  -2.7149791e-06  -2.9715522e-06
  -2.5518436e-06  -2.9145647e-06
  -2.3957479e-06  -2.8541274e-06
  -2.2466589e-06  -2.7906119e-06
  -2.1045265e-06  -2.7243798e-06
  -1.9692840e-06  -2.6557830e-06
  -1.8408496e-06  -2.5851624e-06
  -1.7191266e-06  -2.5128475e-06
  -1.6040049e-06  -2.4391560e-06
  -1.4953619e-06  -2.3643932e-06
  -1.3930630e-06  -2.2888518e-06
  -1.2969630e-06  -2.2128112e-06
  -1.2069068e-06  -2.1365377e-06
  -1.1227305e-06  -2.0602839e-06
  -1.0442619e-06  -1.9842888e-06
  -9.7132207e-07  -1.9087776e-06
  -9.0372548e-07  -1.8339614e-06
  -8.4128142e-07  -1.7600379e-06
  -7.8379461e-07  -1.6871906e-06
  -7.3106604e-07  -1.6155894e-06
  -6.8289380e-07  -1.5453907e-06
  -6.3907380e-07  -1.4767374e-06
  -5.9940056e-07  -1.4097591e-06
  -5.6366786e-07  -1.3445725e-06
  -5.3166949e-07  -1.2812817e-06
  -5.0319983e-07  -1.2199783e-06
  -4.7805453e-07  -1.1607417e-06
  -4.5603103e-07  -1.1036399e-06
  -4.3692916e-07  -1.0487293e-06
  -4.2055164e-07  -9.9605556e-07
  -4.0670455e-07  -9.4565366e-07
  -3.9519779e-07  -8.9754860e-07
  -3.8584549e-07  -8.5175571e-07
  -3.7846641e-07  -8.0828115e-07
  -3.7288426e-07  -7.6712234e-07
  -3.6892802e-07  -7.2826848e-07
  -3.6643222e-07  -6.9170098e-07
  -3.6523721e-07  -6.5739396e-07
  -3.6518935e-07  -6.2531474e-07
  -3.6614122e-07  -5.9542431e-07
  -3.6795175e-07  -5.6767781e-07
  -3.7048637e-07  -5.4202499e-07
  -3.7361709e-07  -5.1841071e-07
  -3.7722260e-07  -4.9677537e-07
  -3.8118829e-07  -4.7705538e-07
  -3.8540628e-07  -4.5918362e-07
  -3.8977542e-07  -4.4308985e-07
  -3.9420126e-07  -4.2870113e-07
  -3.9859599e-07  -4.1594227e-07
  -4.0287842e-07  -4.0473620e-07
  -4.0697383e-07  -3.9500434e-07
  -4.1081391e-07  -3.8666700e-07
  -4.1433662e-07  -3.7964375e-07
  -4.1748605e-07  -3.7385370e-07
  -4.2021230e-07  -3.6921587e-07
  -4.2247125e-07  -3.6564951e-07
  -4.2422448e-07  -3.6307434e-07
  -4.2543898e-07  -3.6141086e-07
  -4.2608704e-07  -3.6058061e-07
  -4.2614600e-07  -3.6050640e-07
  -4.2559802e-07  -3.6111252e-07
  -4.2442994e-07  -3.6232498e-07
  -4.2263298e-07  -3.6407166e-07
  -4.2020254e-07  -3.6628251e-07
  -4.1713798e-07  -3.6888971e-07
  -4.1344238e-07  -3.7182779e-07
  -4.0912232e-07  -3.7503376e-07
  -4.0418761e-07  -3.7844723e-07
  -3.9865111e-07  -3.8201049e-07
  -3.9252844e-07  -3.8566859e-07
  -3.8583783e-07  -3.8936943e-07
  -3.7859980e-07  -3.9306376e-07
  -3.7083701e-07  -3.9670529e-07
  -3.6257402e-07  -4.0025062e-07
  -3.5383706e-07  -4.0365935e-07
  -3.4465383e-07  -4.0689401e-07
  -3.3505331e-07  -4.0992010e-07
  -3.2506556e-07  -4.1270601e-07
  -3.1472152e-07  -4.1522306e-07
  -3.0405281e-07  -4.1744542e-07
  -2.9309160e-07  -4.1935004e-07
  -2.8187040e-07  -4.2091667e-07
  -2.7042193e-07  -4.2212769e-07
  -2.5877892e-07  -4.2296815e-07
  -2.4697403e-07  -4.2342562e-07
  -2.3503965e-07  -4.2349012e-07
  -2.2300782e-07  -4.2315405e-07
  -2.1091007e-07  -4.2241208e-07
  -1.9877732e-07  -4.2126110e-07
  -1.8663982e-07  -4.1970003e-07
